0.692864
0.216489
0.458386
0.180344
0.664957
0.521050
0.728935
0.482556
0.411958
0.569807
0.238840
0.964919
0.765125
0.662028
0.126917
0.656734
0.476893
0.149789
0.635885
0.777403
0.483816
0.218757
0.659973
0.767608
0.580103
0.329123
0.727327
0.908100
0.235263
0.322666
0.773757
0.233368
0.772779
0.992096
0.407686
0.516945
0.656439
0.870479
0.579480
0.450266
0.454635
0.510630
0.559159
0.185224
0.137853
0.979907
0.879290
0.479409
0.760115
0.884824
0.625924
0.739537
0.468098
0.138357
0.352293
0.261701
0.345936
0.372813
0.623801
0.750447
0.421767
0.538717
0.683190
0.272400
0.645763
0.020635
0.878793
0.468725
0.926625
0.562921
0.515051
0.521997
0.946430
0.890336
0.207561
0.115430
0.085311
0.585700
0.113811
0.782215
0.582903
0.334215
0.549107
0.864669
0.673977
0.462455
0.033454
0.124244
0.942305
0.006053
0.534934
0.325747
0.524207
0.640385
0.522313
0.924991
0.723019
0.135847
0.011407
0.952268
