0.351864
0.170684
0.921691
0.207722
0.698764
0.400377
0.857633
0.278957
0.177635
0.879031
0.116202
0.964876
0.066323
0.935456
0.078934
0.685451
0.398838
0.200648
0.332608
0.681224
0.720206
0.468948
0.176191
0.835909
0.185203
0.946162
0.838062
0.188234
0.183841
0.915968
0.586487
0.553120
0.135516
0.270249
0.588409
0.517900
0.126424
0.125342
0.461121
0.005405
0.157069
0.778918
0.616887
0.305551
0.511964
0.291571
0.143565
0.504298
0.678828
0.694254
0.432059
0.675811
0.701418
0.433443
0.188673
0.772139
0.099065
0.350915
0.592704
0.643731
0.247549
0.881568
0.039178
0.796359
0.473008
0.942101
0.811029
0.491378
0.800227
0.749647
0.213903
0.957955
0.198809
0.735285
0.555324
0.263020
0.653958
0.523534
0.349633
0.007831
0.329018
0.860700
0.474199
0.595603
0.764903
0.516063
0.326079
0.237767
0.548844
0.668901
0.628188
0.093005
0.692041
0.742649
0.278575
0.522962
0.043724
0.373444
0.149481
0.324151
