0.230998
0.679620
0.157312
0.284507
0.006077
0.676921
0.217063
0.115758
0.142128
0.235847
0.219754
0.807397
0.314538
0.792591
0.875021
0.729445
0.569618
0.424453
0.375930
0.040839
0.782296
0.187624
0.368707
0.702247
0.136419
0.976345
0.738513
0.079493
0.410075
0.626978
0.309815
0.072773
0.438982
0.661693
0.648526
0.804945
0.804961
0.770542
0.391407
0.644148
0.569880
0.859304
0.231683
0.782286
0.400281
0.185688
0.173117
0.436665
0.354570
0.307302
0.612164
0.841786
0.820212
0.015341
0.289845
0.141659
0.328157
0.209683
0.498435
0.221860
0.722452
0.569860
0.331309
0.315494
0.493846
0.990036
0.325665
0.235853
0.710709
0.226703
0.466976
0.774164
0.071558
0.329144
0.124206
0.268219
0.618584
0.469334
0.277835
0.582617
0.540133
0.412235
0.069982
0.554351
0.459006
0.955501
0.791257
0.359602
0.474456
0.104052
0.481622
0.765355
0.601268
0.762674
0.340647
0.470807
0.885056
0.575125
0.174735
0.000766
