0.914378
0.217468
0.854475
0.667145
0.775947
0.909363
0.203645
0.756635
0.156571
0.447884
0.582157
0.440354
0.775947
0.018011
0.311572
0.071467
0.944536
0.151095
0.535385
0.667145
0.785656
0.560662
0.518859
0.362435
0.025998
0.091285
0.369139
0.685645
0.071467
0.125883
0.676371
0.573513
0.282297
0.447884
0.582157
0.704336
0.393208
0.478728
0.969730
0.436616
0.154729
0.002026
0.879353
0.212787
0.498579
0.510696
0.060327
0.077639
0.681002
0.175910
0.560662
0.608449
0.626265
0.342782
0.608449
0.959647
0.974773
0.152904
0.617329
0.502601
0.909363
0.989908
0.747034
0.132261
0.944536
0.854475
0.805173
0.049924
0.478728
0.984862
0.909363
0.268382
0.704336
0.639772
0.009000
0.049191
0.531229
0.737473
0.027740
0.156571
0.518859
0.919397
0.061197
0.974773
0.142295
0.018321
0.949571
0.299630
0.071467
0.022796
0.027740
0.003272
0.795399
0.964688
0.132261
0.964688
0.944536
0.478728
0.630754
0.173900
