0.313548
0.000000
0.000000
0.000000
0.000000
0.000000
0.000000
0.000000
0.000000
0.000000
0.000000
0.000000
0.000000
0.000000
0.000000
0.000000
0.000000
0.000000
0.000000
0.000000
0.000000
0.000000
0.000000
0.000000
0.000000
0.000000
0.000000
0.000000
0.000000
0.000000
0.000000
0.000000
0.000000
0.000000
0.000000
0.000000
0.000000
0.000000
0.000000
0.000000
0.000000
0.000000
0.601972
0.000000
0.000000
0.000000
0.000000
0.000000
0.000000
0.086040
0.000000
0.000000
0.514797
0.000000
0.000000
0.000000
0.076559
0.000000
0.000000
0.315717
0.000000
0.000000
0.000000
0.000000
0.136526
0.000000
0.000000
0.000000
0.358375
0.000000
0.000000
0.000000
0.000000
0.198762
0.000000
0.000000
0.000000
0.924545
0.000000
0.000000
0.000000
0.000000
0.000000
0.000000
0.000000
0.000000
0.481503
0.000000
0.000000
0.000000
0.000000
0.000000
0.000000
0.000000
0.000000
0.000000
0.272498
0.000000
0.000000
0.000000
