0.122297
0.000000
0.000000
0.000000
0.000000
0.000000
0.000000
0.000000
0.000000
0.000000
0.000000
0.000000
0.000000
0.000000
0.000000
0.000000
0.000000
0.000000
0.000000
0.000000
0.000000
0.000000
0.000000
0.000000
0.000000
0.000000
0.000000
0.000000
0.000000
0.000000
0.000000
0.000000
0.000000
0.000000
0.000000
0.000000
0.000000
0.000000
0.000000
0.000000
0.000000
0.000000
0.841854
0.000000
0.000000
0.000000
0.000000
0.000000
0.000000
0.562069
0.000000
0.000000
0.776884
0.000000
0.000000
0.000000
0.153392
0.000000
0.000000
0.249884
0.000000
0.000000
0.000000
0.000000
0.095935
0.000000
0.000000
0.000000
0.158173
0.000000
0.000000
0.000000
0.000000
0.249472
0.000000
0.000000
0.000000
0.636433
0.000000
0.000000
0.000000
0.000000
0.000000
0.000000
0.000000
0.000000
0.532089
0.000000
0.000000
0.000000
0.000000
0.000000
0.000000
0.000000
0.000000
0.000000
0.767941
0.000000
0.000000
0.000000
