0.521977
0.000000
0.000000
0.000000
0.000000
0.000000
0.000000
0.000000
0.000000
0.000000
0.000000
0.000000
0.000000
0.000000
0.000000
0.000000
0.000000
0.000000
0.000000
0.000000
0.000000
0.000000
0.000000
0.000000
0.000000
0.000000
0.000000
0.000000
0.000000
0.000000
0.000000
0.000000
0.000000
0.000000
0.000000
0.000000
0.000000
0.000000
0.000000
0.000000
0.000000
0.000000
0.244255
0.000000
0.000000
0.000000
0.000000
0.000000
0.000000
0.931261
0.000000
0.000000
0.673306
0.000000
0.000000
0.000000
0.417033
0.000000
0.000000
0.453268
0.000000
0.000000
0.000000
0.000000
0.675901
0.000000
0.000000
0.000000
0.142284
0.000000
0.000000
0.000000
0.000000
0.786576
0.000000
0.000000
0.000000
0.351163
0.000000
0.000000
0.000000
0.000000
0.000000
0.000000
0.000000
0.000000
0.788082
0.000000
0.000000
0.000000
0.000000
0.000000
0.000000
0.000000
0.000000
0.000000
0.835597
0.000000
0.000000
0.000000
