0.244387
0.000000
0.000000
0.000000
0.000000
0.000000
0.000000
0.000000
0.000000
0.000000
0.000000
0.000000
0.000000
0.000000
0.000000
0.000000
0.000000
0.000000
0.000000
0.000000
0.000000
0.000000
0.000000
0.000000
0.000000
0.000000
0.000000
0.000000
0.000000
0.000000
0.000000
0.000000
0.000000
0.000000
0.000000
0.000000
0.000000
0.000000
0.000000
0.000000
0.000000
0.000000
0.512735
0.000000
0.000000
0.000000
0.000000
0.000000
0.000000
0.209482
0.000000
0.000000
0.335076
0.000000
0.000000
0.000000
0.077248
0.000000
0.000000
0.309340
0.000000
0.000000
0.000000
0.000000
0.085697
0.000000
0.000000
0.000000
0.228640
0.000000
0.000000
0.000000
0.000000
0.171367
0.000000
0.000000
0.000000
0.794971
0.000000
0.000000
0.000000
0.000000
0.000000
0.000000
0.000000
0.000000
0.555370
0.000000
0.000000
0.000000
0.000000
0.000000
0.000000
0.000000
0.000000
0.000000
0.438811
0.000000
0.000000
0.000000
