0.561648
0.000000
0.000000
0.000000
0.000000
0.000000
0.000000
0.000000
0.000000
0.000000
0.000000
0.000000
0.000000
0.000000
0.000000
0.000000
0.000000
0.000000
0.000000
0.000000
0.000000
0.000000
0.000000
0.000000
0.000000
0.000000
0.000000
0.000000
0.000000
0.000000
0.000000
0.000000
0.000000
0.000000
0.000000
0.000000
0.000000
0.000000
0.000000
0.000000
0.000000
0.000000
0.784884
0.000000
0.000000
0.000000
0.000000
0.000000
0.000000
0.042236
0.000000
0.000000
0.314478
0.000000
0.000000
0.000000
0.352436
0.000000
0.000000
0.277440
0.000000
0.000000
0.000000
0.000000
0.243700
0.000000
0.000000
0.000000
0.348659
0.000000
0.000000
0.000000
0.000000
0.145671
0.000000
0.000000
0.000000
0.861614
0.000000
0.000000
0.000000
0.000000
0.000000
0.000000
0.000000
0.000000
0.867708
0.000000
0.000000
0.000000
0.000000
0.000000
0.000000
0.000000
0.000000
0.000000
0.207208
0.000000
0.000000
0.000000
