0.178154
0.000000
0.000000
0.000000
0.000000
0.000000
0.000000
0.000000
0.000000
0.000000
0.000000
0.000000
0.000000
0.000000
0.000000
0.000000
0.000000
0.000000
0.000000
0.000000
0.000000
0.000000
0.000000
0.000000
0.000000
0.000000
0.000000
0.000000
0.000000
0.000000
0.000000
0.000000
0.000000
0.000000
0.000000
0.000000
0.000000
0.000000
0.000000
0.000000
0.000000
0.000000
0.621775
0.000000
0.000000
0.000000
0.000000
0.000000
0.000000
0.610611
0.000000
0.000000
0.424024
0.000000
0.000000
0.000000
0.220592
0.000000
0.000000
0.350671
0.000000
0.000000
0.000000
0.000000
0.062581
0.000000
0.000000
0.000000
0.174312
0.000000
0.000000
0.000000
0.000000
0.154802
0.000000
0.000000
0.000000
0.512992
0.000000
0.000000
0.000000
0.000000
0.000000
0.000000
0.000000
0.000000
0.480659
0.000000
0.000000
0.000000
0.000000
0.000000
0.000000
0.000000
0.000000
0.000000
0.721121
0.000000
0.000000
0.000000
