0.741135
0.000000
0.000000
0.000000
0.000000
0.000000
0.000000
0.000000
0.000000
0.000000
0.000000
0.000000
0.000000
0.000000
0.000000
0.000000
0.000000
0.000000
0.000000
0.000000
0.000000
0.000000
0.000000
0.000000
0.000000
0.000000
0.000000
0.000000
0.000000
0.000000
0.000000
0.000000
0.000000
0.000000
0.000000
0.000000
0.000000
0.000000
0.000000
0.000000
0.000000
0.000000
0.936546
0.000000
0.000000
0.000000
0.000000
0.000000
0.000000
0.042165
0.000000
0.000000
0.906986
0.000000
0.000000
0.000000
0.660458
0.000000
0.000000
0.631181
0.000000
0.000000
0.000000
0.000000
0.235017
0.000000
0.000000
0.000000
0.754953
0.000000
0.000000
0.000000
0.000000
0.252993
0.000000
0.000000
0.000000
0.845474
0.000000
0.000000
0.000000
0.000000
0.000000
0.000000
0.000000
0.000000
0.852263
0.000000
0.000000
0.000000
0.000000
0.000000
0.000000
0.000000
0.000000
0.000000
0.561475
0.000000
0.000000
0.000000
