0.316679
0.000000
0.000000
0.000000
0.000000
0.000000
0.000000
0.000000
0.000000
0.000000
0.000000
0.000000
0.000000
0.000000
0.000000
0.000000
0.000000
0.000000
0.000000
0.000000
0.000000
0.000000
0.000000
0.000000
0.000000
0.000000
0.000000
0.000000
0.000000
0.000000
0.000000
0.000000
0.000000
0.000000
0.000000
0.000000
0.000000
0.000000
0.000000
0.000000
0.000000
0.000000
0.854011
0.000000
0.000000
0.000000
0.000000
0.000000
0.000000
0.273982
0.000000
0.000000
0.413215
0.000000
0.000000
0.000000
0.317774
0.000000
0.000000
0.393270
0.000000
0.000000
0.000000
0.000000
0.046345
0.000000
0.000000
0.000000
0.225547
0.000000
0.000000
0.000000
0.000000
0.128467
0.000000
0.000000
0.000000
0.516562
0.000000
0.000000
0.000000
0.000000
0.000000
0.000000
0.000000
0.000000
0.673157
0.000000
0.000000
0.000000
0.000000
0.000000
0.000000
0.000000
0.000000
0.000000
0.549732
0.000000
0.000000
0.000000
