0.195369
0.000000
0.000000
0.000000
0.000000
0.000000
0.000000
0.000000
0.000000
0.000000
0.000000
0.000000
0.000000
0.000000
0.000000
0.000000
0.000000
0.000000
0.000000
0.000000
0.000000
0.000000
0.000000
0.000000
0.000000
0.000000
0.000000
0.000000
0.000000
0.000000
0.000000
0.000000
0.000000
0.000000
0.000000
0.000000
0.000000
0.000000
0.000000
0.000000
0.000000
0.000000
0.378783
0.000000
0.000000
0.000000
0.000000
0.000000
0.000000
0.828812
0.000000
0.000000
0.448797
0.000000
0.000000
0.000000
0.825290
0.000000
0.000000
0.791821
0.000000
0.000000
0.000000
0.000000
0.662364
0.000000
0.000000
0.000000
0.527482
0.000000
0.000000
0.000000
0.000000
0.639509
0.000000
0.000000
0.000000
0.082261
0.000000
0.000000
0.000000
0.000000
0.000000
0.000000
0.000000
0.000000
0.494500
0.000000
0.000000
0.000000
0.000000
0.000000
0.000000
0.000000
0.000000
0.000000
0.828398
0.000000
0.000000
0.000000
