0.434863
0.000000
0.000000
0.000000
0.000000
0.000000
0.000000
0.000000
0.000000
0.000000
0.000000
0.000000
0.000000
0.000000
0.000000
0.000000
0.000000
0.000000
0.000000
0.000000
0.000000
0.000000
0.000000
0.000000
0.000000
0.000000
0.000000
0.000000
0.000000
0.000000
0.000000
0.000000
0.000000
0.000000
0.000000
0.000000
0.000000
0.000000
0.000000
0.000000
0.000000
0.000000
0.521612
0.000000
0.000000
0.000000
0.000000
0.000000
0.000000
0.862086
0.000000
0.000000
0.875435
0.000000
0.000000
0.000000
0.646673
0.000000
0.000000
0.536037
0.000000
0.000000
0.000000
0.000000
0.407102
0.000000
0.000000
0.000000
0.065114
0.000000
0.000000
0.000000
0.000000
0.916483
0.000000
0.000000
0.000000
0.122593
0.000000
0.000000
0.000000
0.000000
0.000000
0.000000
0.000000
0.000000
0.345222
0.000000
0.000000
0.000000
0.000000
0.000000
0.000000
0.000000
0.000000
0.000000
0.970408
0.000000
0.000000
0.000000
