0.126504
0.000000
0.000000
0.000000
0.000000
0.000000
0.000000
0.000000
0.000000
0.000000
0.000000
0.000000
0.000000
0.000000
0.000000
0.000000
0.000000
0.000000
0.000000
0.000000
0.000000
0.000000
0.000000
0.000000
0.000000
0.000000
0.000000
0.000000
0.000000
0.000000
0.000000
0.000000
0.000000
0.000000
0.000000
0.000000
0.000000
0.000000
0.000000
0.000000
0.000000
0.000000
0.459199
0.000000
0.000000
0.000000
0.000000
0.000000
0.000000
0.822243
0.000000
0.000000
0.338864
0.000000
0.000000
0.000000
0.847919
0.000000
0.000000
0.869435
0.000000
0.000000
0.000000
0.000000
0.838572
0.000000
0.000000
0.000000
0.995686
0.000000
0.000000
0.000000
0.000000
0.366620
0.000000
0.000000
0.000000
0.071391
0.000000
0.000000
0.000000
0.000000
0.000000
0.000000
0.000000
0.000000
0.327761
0.000000
0.000000
0.000000
0.000000
0.000000
0.000000
0.000000
0.000000
0.000000
0.245984
0.000000
0.000000
0.000000
