0.208219
0.000000
0.000000
0.000000
0.000000
0.000000
0.000000
0.000000
0.000000
0.000000
0.000000
0.000000
0.000000
0.000000
0.000000
0.000000
0.000000
0.000000
0.000000
0.000000
0.000000
0.000000
0.000000
0.000000
0.000000
0.000000
0.000000
0.000000
0.000000
0.000000
0.000000
0.000000
0.000000
0.000000
0.000000
0.000000
0.000000
0.000000
0.000000
0.000000
0.000000
0.000000
0.547500
0.000000
0.000000
0.000000
0.000000
0.000000
0.000000
0.952346
0.000000
0.000000
0.407883
0.000000
0.000000
0.000000
0.639380
0.000000
0.000000
0.713538
0.000000
0.000000
0.000000
0.000000
0.588738
0.000000
0.000000
0.000000
0.211863
0.000000
0.000000
0.000000
0.000000
0.937700
0.000000
0.000000
0.000000
0.079419
0.000000
0.000000
0.000000
0.000000
0.000000
0.000000
0.000000
0.000000
1.000000
0.000000
0.000000
0.000000
0.000000
0.000000
0.000000
0.000000
0.000000
0.000000
0.985293
0.000000
0.000000
0.000000
