0.633490
0.000000
0.000000
0.000000
0.000000
0.000000
0.000000
0.000000
0.000000
0.000000
0.000000
0.000000
0.000000
0.000000
0.000000
0.000000
0.000000
0.000000
0.000000
0.000000
0.000000
0.000000
0.000000
0.000000
0.000000
0.000000
0.000000
0.000000
0.000000
0.000000
0.000000
0.000000
0.000000
0.000000
0.000000
0.000000
0.000000
0.000000
0.000000
0.000000
0.000000
0.000000
0.902447
0.000000
0.000000
0.000000
0.000000
0.000000
0.000000
0.024915
0.000000
0.000000
0.362460
0.000000
0.000000
0.000000
0.865734
0.000000
0.000000
0.352723
0.000000
0.000000
0.000000
0.000000
0.248561
0.000000
0.000000
0.000000
0.367590
0.000000
0.000000
0.000000
0.000000
0.150319
0.000000
0.000000
0.000000
0.629633
0.000000
0.000000
0.000000
0.000000
0.000000
0.000000
0.000000
0.000000
0.693402
0.000000
0.000000
0.000000
0.000000
0.000000
0.000000
0.000000
0.000000
0.000000
0.415558
0.000000
0.000000
0.000000
