0.207250
0.000000
0.000000
0.000000
0.000000
0.000000
0.000000
0.000000
0.000000
0.000000
0.000000
0.000000
0.000000
0.000000
0.000000
0.000000
0.000000
0.000000
0.000000
0.000000
0.000000
0.000000
0.000000
0.000000
0.000000
0.000000
0.000000
0.000000
0.000000
0.000000
0.000000
0.000000
0.000000
0.000000
0.000000
0.000000
0.000000
0.000000
0.000000
0.000000
0.000000
0.000000
0.269960
0.000000
0.000000
0.000000
0.000000
0.000000
0.000000
0.883457
0.000000
0.000000
0.233400
0.000000
0.000000
0.000000
0.820545
0.000000
0.000000
0.620029
0.000000
0.000000
0.000000
0.000000
0.782006
0.000000
0.000000
0.000000
0.899227
0.000000
0.000000
0.000000
0.000000
0.363797
0.000000
0.000000
0.000000
0.120473
0.000000
0.000000
0.000000
0.000000
0.000000
0.000000
0.000000
0.000000
0.373698
0.000000
0.000000
0.000000
0.000000
0.000000
0.000000
0.000000
0.000000
0.000000
0.391607
0.000000
0.000000
0.000000
