0.241413
0.000000
0.000000
0.000000
0.000000
0.000000
0.000000
0.000000
0.000000
0.000000
0.000000
0.000000
0.000000
0.000000
0.000000
0.000000
0.000000
0.000000
0.000000
0.000000
0.000000
0.000000
0.000000
0.000000
0.000000
0.000000
0.000000
0.000000
0.000000
0.000000
0.000000
0.000000
0.000000
0.000000
0.000000
0.000000
0.000000
0.000000
0.000000
0.000000
0.000000
0.000000
0.247871
0.000000
0.000000
0.000000
0.000000
0.000000
0.000000
0.881417
0.000000
0.000000
0.203397
0.000000
0.000000
0.000000
0.864563
0.000000
0.000000
0.706960
0.000000
0.000000
0.000000
0.000000
1.000000
0.000000
0.000000
0.000000
0.886911
0.000000
0.000000
0.000000
0.000000
0.484478
0.000000
0.000000
0.000000
0.086474
0.000000
0.000000
0.000000
0.000000
0.000000
0.000000
0.000000
0.000000
0.334967
0.000000
0.000000
0.000000
0.000000
0.000000
0.000000
0.000000
0.000000
0.000000
0.629003
0.000000
0.000000
0.000000
