0.367705
0.000000
0.000000
0.000000
0.000000
0.000000
0.000000
0.000000
0.000000
0.000000
0.000000
0.000000
0.000000
0.000000
0.000000
0.000000
0.000000
0.000000
0.000000
0.000000
0.000000
0.000000
0.000000
0.000000
0.000000
0.000000
0.000000
0.000000
0.000000
0.000000
0.000000
0.000000
0.000000
0.000000
0.000000
0.000000
0.000000
0.000000
0.000000
0.000000
0.000000
0.000000
0.595005
0.000000
0.000000
0.000000
0.000000
0.000000
0.000000
0.700985
0.000000
0.000000
0.348019
0.000000
0.000000
0.000000
0.564900
0.000000
0.000000
0.847647
0.000000
0.000000
0.000000
0.000000
0.561770
0.000000
0.000000
0.000000
0.057971
0.000000
0.000000
0.000000
0.000000
0.731276
0.000000
0.000000
0.000000
0.062513
0.000000
0.000000
0.000000
0.000000
0.000000
0.000000
0.000000
0.000000
0.418244
0.000000
0.000000
0.000000
0.000000
0.000000
0.000000
0.000000
0.000000
0.000000
0.793885
0.000000
0.000000
0.000000
