0.831820
0.000000
0.000000
0.000000
0.000000
0.000000
0.000000
0.000000
0.000000
0.000000
0.000000
0.000000
0.000000
0.000000
0.000000
0.000000
0.000000
0.000000
0.000000
0.000000
0.000000
0.000000
0.000000
0.000000
0.000000
0.000000
0.000000
0.000000
0.000000
0.000000
0.000000
0.000000
0.000000
0.000000
0.000000
0.000000
0.000000
0.000000
0.000000
0.000000
0.000000
0.000000
0.193490
0.000000
0.000000
0.000000
0.000000
0.000000
0.000000
0.510939
0.000000
0.000000
0.837985
0.000000
0.000000
0.000000
0.143121
0.000000
0.000000
0.322972
0.000000
0.000000
0.000000
0.000000
0.582100
0.000000
0.000000
0.000000
0.203817
0.000000
0.000000
0.000000
0.000000
0.703176
0.000000
0.000000
0.000000
0.889283
0.000000
0.000000
0.000000
0.000000
0.000000
0.000000
0.000000
0.000000
0.494703
0.000000
0.000000
0.000000
0.000000
0.000000
0.000000
0.000000
0.000000
0.000000
0.955899
0.000000
0.000000
0.000000
