0.333251
0.000000
0.000000
0.000000
0.000000
0.000000
0.000000
0.000000
0.000000
0.000000
0.000000
0.000000
0.000000
0.000000
0.000000
0.000000
0.000000
0.000000
0.000000
0.000000
0.000000
0.000000
0.000000
0.000000
0.000000
0.000000
0.000000
0.000000
0.000000
0.000000
0.000000
0.000000
0.000000
0.000000
0.000000
0.000000
0.000000
0.000000
0.000000
0.000000
0.000000
0.000000
0.755003
0.000000
0.000000
0.000000
0.000000
0.000000
0.000000
0.245150
0.000000
0.000000
0.315366
0.000000
0.000000
0.000000
0.173893
0.000000
0.000000
0.298917
0.000000
0.000000
0.000000
0.000000
0.062866
0.000000
0.000000
0.000000
0.218659
0.000000
0.000000
0.000000
0.000000
0.147242
0.000000
0.000000
0.000000
0.518022
0.000000
0.000000
0.000000
0.000000
0.000000
0.000000
0.000000
0.000000
0.925439
0.000000
0.000000
0.000000
0.000000
0.000000
0.000000
0.000000
0.000000
0.000000
0.413924
0.000000
0.000000
0.000000
