0.111613
0.166433
0.315701
0.241635
0.833690
0.170953
0.146031
0.701934
0.108437
0.532095
0.207100
0.376562
0.305534
0.066549
0.382984
0.685802
0.508911
0.331147
0.562006
0.428256
0.517214
0.042821
0.109967
0.094847
0.273196
0.724945
0.691155
0.975357
0.098690
0.653846
0.563627
0.209221
0.286081
0.449246
0.765579
0.031304
0.832379
0.355312
0.105560
0.703024
0.413319
0.270255
0.599593
0.576508
0.457430
0.846895
0.656661
0.589456
0.437133
0.694316
0.681985
0.903300
0.114804
0.176354
0.377133
0.212733
0.430798
0.719633
0.618344
0.893707
0.328344
0.094156
0.487825
0.348491
0.761438
0.531166
0.802748
0.012512
0.358953
0.702375
0.960409
0.736698
0.997756
0.470273
0.256849
0.199007
0.048585
0.398397
0.072949
0.110687
0.753134
0.369020
0.723349
0.075189
0.272616
0.404703
0.357434
0.740718
0.559047
0.271447
0.233267
0.087547
0.017069
0.205117
0.079445
0.408084
0.511893
0.697128
0.323898
0.862862
