0.492032
0.862645
0.019579
0.628539
0.073342
0.928299
0.247425
0.229577
0.570425
0.992001
0.758758
0.614742
0.696731
0.771614
0.767742
0.904217
0.996518
0.870890
0.089211
0.849833
0.328286
0.237851
0.740244
0.736694
0.823332
0.629225
0.570425
0.374447
0.988365
0.766629
0.960953
0.376503
0.824276
0.126906
0.241769
0.097276
0.972200
0.916629
0.451729
0.875070
0.523077
0.640142
0.028011
0.258367
0.381312
0.106196
0.297629
0.849833
0.811268
0.253153
0.820959
0.495642
0.026772
0.785676
0.943411
0.513696
0.295758
0.921564
0.470401
0.335490
0.625792
0.932697
0.462490
0.416878
0.287713
0.319210
0.679381
0.807304
0.929789
0.328938
0.434592
0.480488
0.854050
0.719808
0.733717
0.468242
0.140050
0.935512
0.878050
0.404228
0.159708
0.261288
0.585322
0.428197
0.967571
0.245154
0.149036
0.600101
0.184437
0.880617
0.560439
0.449581
0.985865
0.764955
0.312154
0.915218
0.528845
0.731323
0.593079
0.304537
