0.437960
0.618780
0.016134
0.793421
0.140094
0.886772
0.408926
0.402977
0.337451
0.712745
0.468362
0.814738
0.569113
0.590151
0.440987
0.624629
0.976371
0.842822
0.044800
0.651538
0.581162
0.003166
0.688680
0.635280
0.707473
0.776909
0.760474
0.815425
0.975343
0.802116
0.834641
0.705706
0.336518
0.030218
0.372631
0.093153
0.967621
0.960497
0.126938
0.892596
0.497940
0.707473
0.243492
0.230114
0.260586
0.651538
0.330017
0.832070
0.764446
0.517341
0.555990
0.650589
0.049544
0.214175
0.851330
0.473453
0.421888
0.786755
0.659096
0.916943
0.130683
0.519382
0.725727
0.076232
0.613884
0.309930
0.811283
0.650589
0.900023
0.141801
0.821531
0.790473
0.964910
0.437960
0.796344
0.340255
0.043380
0.383318
0.396065
0.148184
0.196775
0.397050
0.382342
0.508153
0.974433
0.653433
0.023205
0.788990
0.389186
0.678634
0.492834
0.044800
0.642963
0.374567
0.074427
0.954173
0.397050
0.628514
0.426898
0.232444
