0.437960
0.492032
0.618780
0.862645
0.016134
0.019579
0.793421
0.628539
0.140094
0.073342
0.886772
0.928299
0.408926
0.247425
0.402977
0.229577
0.337451
0.570425
0.712745
0.992001
0.468362
0.758758
0.814738
0.614742
0.569113
0.696731
0.590151
0.771614
0.440987
0.767742
0.624629
0.904217
0.976371
0.996518
0.842822
0.870890
0.044800
0.089211
0.651538
0.849833
0.581162
0.328286
0.003166
0.237851
0.688680
0.740244
0.635280
0.736694
0.707473
0.823332
0.776909
0.629225
0.760474
0.570425
0.815425
0.374447
0.975343
0.988365
0.802116
0.766629
0.834641
0.960953
0.705706
0.376503
0.336518
0.824276
0.030218
0.126906
0.372631
0.241769
0.093153
0.097276
0.967621
0.972200
0.960497
0.916629
0.126938
0.451729
0.892596
0.875070
0.497940
0.523077
0.707473
0.640142
0.243492
0.028011
0.230114
0.258367
0.260586
0.381312
0.651538
0.106196
0.330017
0.297629
0.832070
0.849833
0.764446
0.811268
0.517341
0.253153
0.555990
0.820959
0.650589
0.495642
0.049544
0.026772
0.214175
0.785676
0.851330
0.943411
0.473453
0.513696
0.421888
0.295758
0.786755
0.921564
0.659096
0.470401
0.916943
0.335490
0.130683
0.625792
0.519382
0.932697
0.725727
0.462490
0.076232
0.416878
0.613884
0.287713
0.309930
0.319210
0.811283
0.679381
0.650589
0.807304
0.900023
0.929789
0.141801
0.328938
0.821531
0.434592
0.790473
0.480488
0.964910
0.854050
0.437960
0.719808
0.796344
0.733717
0.340255
0.468242
0.043380
0.140050
0.383318
0.935512
0.396065
0.878050
0.148184
0.404228
0.196775
0.159708
0.397050
0.261288
0.382342
0.585322
0.508153
0.428197
0.974433
0.967571
0.653433
0.245154
0.023205
0.149036
0.788990
0.600101
0.389186
0.184437
0.678634
0.880617
0.492834
0.560439
0.044800
0.449581
0.642963
0.985865
0.374567
0.764955
0.074427
0.312154
0.954173
0.915218
0.397050
0.528845
0.628514
0.731323
0.426898
0.593079
0.232444
0.304537
