0.725104
0.000000
0.000000
0.000000
0.000000
0.000000
0.000000
0.000000
0.000000
0.000000
0.000000
0.000000
0.000000
0.000000
0.000000
0.000000
0.000000
0.000000
0.000000
0.000000
0.000000
0.000000
0.000000
0.000000
0.000000
0.000000
0.000000
0.000000
0.000000
0.000000
0.000000
0.000000
0.000000
0.000000
0.000000
0.000000
0.000000
0.000000
0.000000
0.000000
0.000000
0.000000
0.993594
0.000000
0.000000
0.000000
0.000000
0.000000
0.000000
0.212848
0.000000
0.000000
0.070270
0.000000
0.000000
0.000000
0.528728
0.000000
0.000000
0.521628
0.000000
0.000000
0.000000
0.000000
0.446512
0.000000
0.000000
0.000000
0.000000
0.000000
0.000000
0.000000
0.507676
0.000000
0.000000
0.000000
0.804995
0.000000
0.000000
0.000000
0.000000
0.000000
0.000000
0.000000
0.000000
0.818747
0.000000
0.000000
0.000000
0.000000
0.000000
0.000000
0.000000
0.000000
0.000000
0.271404
0.000000
0.000000
0.000000
0.000000
