0.091956
0.000000
0.000000
0.000000
0.000000
0.000000
0.000000
0.000000
0.000000
0.000000
0.000000
0.000000
0.000000
0.000000
0.000000
0.000000
0.000000
0.000000
0.000000
0.000000
0.000000
0.000000
0.000000
0.000000
0.000000
0.000000
0.000000
0.000000
0.000000
0.000000
0.000000
0.000000
0.000000
0.000000
0.000000
0.000000
0.000000
0.000000
0.000000
0.000000
0.000000
0.000000
0.606028
0.000000
0.000000
0.000000
0.000000
0.000000
0.000000
0.500660
0.000000
0.000000
0.500353
0.000000
0.000000
0.000000
0.686792
0.000000
0.000000
0.710191
0.000000
0.000000
0.000000
0.000000
0.302001
0.000000
0.000000
0.000000
0.000000
0.000000
0.000000
0.000000
0.183760
0.000000
0.000000
0.000000
0.640092
0.000000
0.000000
0.000000
0.000000
0.000000
0.000000
0.000000
0.000000
0.883387
0.000000
0.000000
0.000000
0.000000
0.000000
0.000000
0.000000
0.000000
0.000000
0.493141
0.000000
0.000000
0.000000
0.000000
