0.884764
0.000000
0.000000
0.000000
0.000000
0.000000
0.000000
0.000000
0.000000
0.000000
0.000000
0.000000
0.000000
0.000000
0.000000
0.000000
0.000000
0.000000
0.000000
0.000000
0.000000
0.000000
0.000000
0.000000
0.000000
0.000000
0.000000
0.000000
0.000000
0.000000
0.000000
0.000000
0.000000
0.000000
0.000000
0.000000
0.000000
0.000000
0.000000
0.000000
0.000000
0.000000
0.558342
0.000000
0.000000
0.000000
0.000000
0.000000
0.000000
0.270584
0.000000
0.000000
0.245316
0.000000
0.000000
0.000000
0.964128
0.000000
0.000000
0.574834
0.000000
0.000000
0.000000
0.000000
0.394714
0.000000
0.000000
0.000000
0.000000
0.000000
0.000000
0.000000
0.237729
0.000000
0.000000
0.000000
0.396480
0.000000
0.000000
0.000000
0.000000
0.000000
0.000000
0.000000
0.000000
0.442115
0.000000
0.000000
0.000000
0.000000
0.000000
0.000000
0.000000
0.000000
0.000000
0.357460
0.000000
0.000000
0.000000
0.000000
