0.523820
0.000000
0.000000
0.000000
0.000000
0.000000
0.000000
0.000000
0.000000
0.000000
0.000000
0.000000
0.000000
0.000000
0.000000
0.000000
0.000000
0.000000
0.000000
0.000000
0.000000
0.000000
0.000000
0.000000
0.000000
0.000000
0.000000
0.000000
0.000000
0.000000
0.000000
0.000000
0.000000
0.000000
0.000000
0.000000
0.000000
0.000000
0.000000
0.000000
0.000000
0.000000
0.096388
0.000000
0.000000
0.000000
0.000000
0.000000
0.000000
0.891994
0.000000
0.000000
0.005905
0.000000
0.000000
0.000000
0.877081
0.000000
0.000000
0.343390
0.000000
0.000000
0.000000
0.000000
0.878429
0.000000
0.000000
0.000000
0.000000
0.000000
0.000000
0.000000
0.235065
0.000000
0.000000
0.000000
0.309114
0.000000
0.000000
0.000000
0.000000
0.000000
0.000000
0.000000
0.000000
0.195075
0.000000
0.000000
0.000000
0.000000
0.000000
0.000000
0.000000
0.000000
0.000000
0.628621
0.000000
0.000000
0.000000
0.000000
