0.852524
0.000000
0.000000
0.000000
0.000000
0.000000
0.000000
0.000000
0.000000
0.000000
0.000000
0.000000
0.000000
0.000000
0.000000
0.000000
0.000000
0.000000
0.000000
0.000000
0.000000
0.000000
0.000000
0.000000
0.000000
0.000000
0.000000
0.000000
0.000000
0.000000
0.000000
0.000000
0.000000
0.000000
0.000000
0.000000
0.000000
0.000000
0.000000
0.000000
0.000000
0.000000
0.728189
0.000000
0.000000
0.000000
0.000000
0.000000
0.000000
0.506587
0.000000
0.000000
0.942432
0.000000
0.000000
0.000000
0.363526
0.000000
0.000000
0.949591
0.000000
0.000000
0.000000
0.000000
0.454272
0.000000
0.000000
0.000000
0.000000
0.000000
0.000000
0.000000
0.038860
0.000000
0.000000
0.000000
0.848930
0.000000
0.000000
0.000000
0.000000
0.000000
0.000000
0.000000
0.000000
0.460659
0.000000
0.000000
0.000000
0.000000
0.000000
0.000000
0.000000
0.000000
0.000000
0.069795
0.000000
0.000000
0.000000
0.000000
