0.188114
0.000000
0.000000
0.000000
0.000000
0.000000
0.000000
0.000000
0.000000
0.000000
0.000000
0.000000
0.000000
0.000000
0.000000
0.000000
0.000000
0.000000
0.000000
0.000000
0.000000
0.000000
0.000000
0.000000
0.000000
0.000000
0.000000
0.000000
0.000000
0.000000
0.000000
0.000000
0.000000
0.000000
0.000000
0.000000
0.000000
0.000000
0.000000
0.000000
0.000000
0.000000
0.205791
0.000000
0.000000
0.000000
0.000000
0.000000
0.000000
0.462400
0.000000
0.000000
0.600031
0.000000
0.000000
0.000000
0.302069
0.000000
0.000000
0.384800
0.000000
0.000000
0.000000
0.000000
0.729446
0.000000
0.000000
0.000000
0.000000
0.000000
0.000000
0.000000
0.406311
0.000000
0.000000
0.000000
0.774509
0.000000
0.000000
0.000000
0.000000
0.000000
0.000000
0.000000
0.000000
0.161298
0.000000
0.000000
0.000000
0.000000
0.000000
0.000000
0.000000
0.000000
0.000000
0.865389
0.000000
0.000000
0.000000
0.000000
