0.008449
0.000000
0.000000
0.000000
0.000000
0.000000
0.000000
0.000000
0.000000
0.000000
0.000000
0.000000
0.000000
0.000000
0.000000
0.000000
0.000000
0.000000
0.000000
0.000000
0.000000
0.000000
0.000000
0.000000
0.000000
0.000000
0.000000
0.000000
0.000000
0.000000
0.000000
0.000000
0.000000
0.000000
0.000000
0.000000
0.000000
0.000000
0.000000
0.000000
0.000000
0.000000
0.774604
0.000000
0.000000
0.000000
0.000000
0.000000
0.000000
0.029262
0.000000
0.000000
0.609165
0.000000
0.000000
0.000000
0.227426
0.000000
0.000000
0.878924
0.000000
0.000000
0.000000
0.000000
0.011604
0.000000
0.000000
0.000000
0.000000
0.000000
0.000000
0.000000
0.651509
0.000000
0.000000
0.000000
0.885245
0.000000
0.000000
0.000000
0.000000
0.000000
0.000000
0.000000
0.000000
0.109052
0.000000
0.000000
0.000000
0.000000
0.000000
0.000000
0.000000
0.000000
0.000000
0.397203
0.000000
0.000000
0.000000
0.000000
