0.915790
0.000000
0.000000
0.000000
0.000000
0.000000
0.000000
0.000000
0.000000
0.000000
0.000000
0.000000
0.000000
0.000000
0.000000
0.000000
0.000000
0.000000
0.000000
0.000000
0.000000
0.000000
0.000000
0.000000
0.000000
0.000000
0.000000
0.000000
0.000000
0.000000
0.000000
0.000000
0.000000
0.000000
0.000000
0.000000
0.000000
0.000000
0.000000
0.000000
0.000000
0.000000
0.326852
0.000000
0.000000
0.000000
0.000000
0.000000
0.000000
0.858940
0.000000
0.000000
0.814642
0.000000
0.000000
0.000000
0.700037
0.000000
0.000000
0.844893
0.000000
0.000000
0.000000
0.000000
0.947966
0.000000
0.000000
0.000000
0.000000
0.000000
0.000000
0.000000
0.213154
0.000000
0.000000
0.000000
0.510505
0.000000
0.000000
0.000000
0.000000
0.000000
0.000000
0.000000
0.000000
0.737544
0.000000
0.000000
0.000000
0.000000
0.000000
0.000000
0.000000
0.000000
0.000000
0.871016
0.000000
0.000000
0.000000
0.000000
