0.004504
0.412847
0.439942
0.254949
0.684210
0.357442
0.202659
0.553727
0.105711
0.727910
0.857732
0.053641
0.226325
0.508846
0.236026
0.385426
0.865690
0.015802
0.996307
0.129718
0.734484
0.881197
0.635253
0.611792
0.926332
0.796080
0.541860
0.019399
0.620589
0.016232
0.891661
0.717669
0.338585
0.224113
0.616300
0.698939
0.163736
0.918875
0.129485
0.644743
0.357327
0.700188
0.825721
0.580983
0.760178
0.366776
0.363744
0.011350
0.619627
0.424513
0.877186
0.795336
0.033125
0.881197
0.808274
0.764334
0.605371
0.493139
0.634883
0.236408
0.726968
0.454609
0.356581
0.305049
0.580032
0.256215
0.519949
0.549474
0.262661
0.269935
0.303814
0.701802
0.865165
0.290316
0.401866
0.409272
0.254949
0.135257
0.285326
0.684727
0.126260
0.032914
0.604413
0.433191
0.059094
0.024426
0.276542
0.300283
0.927649
0.182862
0.705762
0.236026
0.828926
0.830966
0.862352
0.317544
0.838350
0.525608
0.395460
0.958452
