0.631696
0.715775
0.188933
0.612088
0.880588
0.982898
0.891448
0.260086
0.870202
0.005786
0.389117
0.255446
0.000013
0.047408
0.431512
0.693350
0.892138
0.231093
0.603602
0.748184
0.785728
0.577182
0.780637
0.261877
0.276878
0.300487
0.379423
0.114770
0.427587
0.171793
0.892244
0.204397
0.030242
0.454211
0.190324
0.513051
0.294465
0.600729
0.843082
0.077051
0.683103
0.318552
0.798712
0.502635
0.544513
0.771755
0.492380
0.830966
0.029898
0.567855
0.623327
0.854498
0.194876
0.689373
0.599477
0.021707
0.704516
0.230634
0.149124
0.183521
0.824176
0.384642
0.159549
0.233739
0.815987
0.145741
0.157153
0.616743
0.331649
0.330612
0.882522
0.391245
0.686793
0.605077
0.014664
0.609060
0.387662
0.003809
0.957113
0.222080
0.846167
0.525892
0.249712
0.279722
0.170351
0.181034
0.279480
0.405403
0.596607
0.219699
0.976704
0.777802
0.031794
0.379841
0.602202
0.197812
0.189004
0.297288
0.700995
0.495834
