0.232099
0.441639
0.592932
0.017709
0.552140
0.822367
0.903557
0.363337
0.758836
0.038819
0.843082
0.780637
0.585448
0.621255
0.146977
0.102503
0.140360
0.145656
0.097671
0.390028
0.799722
0.225627
0.816118
0.284346
0.583251
0.859160
0.496111
0.289919
0.573534
0.942412
0.889474
0.876118
0.698131
0.150325
0.853715
0.002470
0.980396
0.755297
0.850689
0.034988
0.510036
0.324113
0.809996
0.972388
0.527452
0.364500
0.279383
0.536280
0.386634
0.151978
0.588600
0.173278
0.960052
0.461737
0.890170
0.183521
0.625104
0.648896
0.753736
0.742894
0.708178
0.282100
0.201045
0.722252
0.283172
0.404843
0.409710
0.771476
0.341699
0.040077
0.910432
0.803945
0.411653
0.911787
0.589407
0.694307
0.411214
0.280642
0.890863
0.209683
0.082101
0.569746
0.767492
0.020653
0.576890
0.621403
0.678449
0.695116
0.382177
0.834957
0.441508
0.973421
0.130966
0.355205
0.794591
0.412721
0.940456
0.856179
0.227396
0.485367
