0.048384
0.195095
0.832490
0.123478
0.394541
0.557340
0.108851
0.990465
0.254363
0.712929
0.400815
0.224194
0.842834
0.083602
0.436819
0.448593
0.935827
0.299723
0.696073
0.063083
0.544657
0.254048
0.059741
0.076805
0.687456
0.559366
0.691583
0.862352
0.695116
0.330721
0.117881
0.204473
0.310807
0.414106
0.175743
0.497357
0.951024
0.910626
0.088477
0.845120
0.765528
0.546668
0.697175
0.579740
0.633623
0.238544
0.285621
0.382537
0.415999
0.482835
0.989999
0.609208
0.407147
0.337477
0.064727
0.751106
0.587354
0.026566
0.685539
0.905411
0.375434
0.172947
0.895087
0.559221
0.548394
0.800864
0.240220
0.365374
0.824176
0.762786
0.079607
0.196303
0.634734
0.721308
0.401866
0.227603
0.900822
0.584496
0.368649
0.643112
0.327405
0.298402
0.895558
0.133282
0.767211
0.118407
0.250290
0.941399
0.460534
0.133920
0.627844
0.035451
0.511998
0.665944
0.861587
0.578278
0.656459
0.066581
0.668980
0.964695
