0.020431
0.590215
0.195351
0.845120
0.199256
0.389117
0.479764
0.488662
0.766440
0.270359
0.453482
0.333073
0.409021
0.726823
0.494174
0.877691
0.903658
0.202508
0.570547
0.145971
0.968405
0.132727
0.063631
0.901585
0.882632
0.444912
0.069148
0.181344
0.145227
0.532714
0.283075
0.890276
0.552140
0.249801
0.418847
0.712929
0.883949
0.202923
0.954569
0.842834
0.997129
0.097146
0.666907
0.319936
0.189253
0.249491
0.440790
0.116246
0.975890
0.701656
0.527949
0.219981
0.647784
0.359054
0.141920
0.896444
0.492380
0.908625
0.840536
0.617704
0.918458
0.434161
0.952327
0.111776
0.529014
0.439682
0.175174
0.810988
0.856179
0.218937
0.371353
0.764334
0.805813
0.347702
0.176112
0.127429
0.877074
0.543581
0.319936
0.541072
0.603750
0.223216
0.128197
0.486121
0.292710
0.684875
0.812440
0.403787
0.894773
0.550266
0.925270
0.083620
0.446488
0.842834
0.195351
0.239101
0.611940
0.356466
0.773567
0.451365
