0.385064
0.051583
0.355835
0.355205
0.529156
0.935127
0.344495
0.526104
0.007720
0.717669
0.977047
0.195973
0.849106
0.286556
0.440790
0.174440
0.717815
0.113218
0.129485
0.961955
0.544801
0.269840
0.120919
0.678302
0.102503
0.790446
0.826813
0.580690
0.807676
0.052131
0.458399
0.535209
0.213936
0.599624
0.764615
0.317650
0.911159
0.504864
0.636069
0.812571
0.415178
0.128479
0.820682
0.297844
0.316855
0.663055
0.881805
0.091351
0.668980
0.520091
0.953162
0.890170
0.097489
0.026255
0.662388
0.467977
0.856837
0.612900
0.348663
0.248250
0.025249
0.313427
0.165035
0.324005
0.066109
0.582739
0.865923
0.074235
0.716577
0.096665
0.726968
0.802206
0.019154
0.777317
0.680371
0.921355
0.488937
0.078886
0.357327
0.204890
0.623179
0.137502
0.837849
0.882026
0.632956
0.623993
0.988529
0.007694
0.187479
0.607289
0.482699
0.480787
0.895662
0.833441
0.911883
0.675714
0.681331
0.660017
0.087391
0.741675
