0.014477
0.636513
0.298503
0.645336
0.728851
0.336207
0.137611
0.551203
0.062974
0.413539
0.338474
0.635401
0.583031
0.741675
0.112461
0.167145
0.579082
0.167821
0.598373
0.637996
0.868070
0.687899
0.642148
0.283710
0.571931
0.296732
0.734484
0.870547
0.270689
0.603307
0.517834
0.981753
0.886672
0.752031
0.974015
0.338807
0.404036
0.495972
0.879644
0.252611
0.913467
0.324274
0.791331
0.571785
0.222688
0.684063
0.612605
0.803210
0.052050
0.495695
0.302377
0.792079
0.619183
0.831665
0.473717
0.960869
0.598667
0.651640
0.535066
0.769661
0.135822
0.993355
0.810261
0.478538
0.957047
0.260269
0.667722
0.726026
0.142846
0.027412
0.907888
0.346462
0.791943
0.554666
0.474734
0.790037
0.508496
0.705615
0.881197
0.187479
0.262199
0.242295
0.502287
0.664018
0.435003
0.758977
0.829309
0.933674
0.326485
0.394786
0.143072
0.681996
0.786002
0.547315
0.712783
0.975274
0.983942
0.145370
0.997816
0.730731
