0.218057
0.365374
0.793438
0.592932
0.876961
0.933129
0.135957
0.382717
0.505352
0.238458
0.264187
0.430094
0.202095
0.299062
0.846965
0.087758
0.249890
0.685834
0.244646
0.121972
0.694160
0.504585
0.766440
0.445043
0.633623
0.292160
0.683915
0.009063
0.456934
0.478878
0.868820
0.025774
0.208371
0.310703
0.444453
0.454344
0.801468
0.602349
0.012558
0.149065
0.166215
0.342313
0.225094
0.224194
0.358190
0.333347
0.694307
0.870432
0.005716
0.502287
0.789559
0.050514
0.686940
0.236494
0.592932
0.090289
0.337975
0.225709
0.888185
0.426625
0.295118
0.003734
0.325405
0.632807
0.804079
0.747256
0.223379
0.042122
0.236111
0.205613
0.374011
0.659350
0.321698
0.544801
0.655495
0.344383
0.697322
0.553583
0.293712
0.251806
0.994214
0.572587
0.239488
0.622365
0.695116
0.321805
0.415304
0.944408
0.030423
0.273961
0.011709
0.879644
0.517341
0.327405
0.101726
0.916122
0.231637
0.677193
0.896912
0.526530
