0.799856
0.128479
0.172584
0.075913
0.923032
0.148425
0.302377
0.281273
0.920670
0.432480
0.432609
0.516566
0.954125
0.109722
0.175676
0.792963
0.649415
0.810856
0.778702
0.516003
0.630733
0.317544
0.524829
0.660165
0.592785
0.761730
0.130784
0.494935
0.628140
0.522069
0.574336
0.798847
0.609872
0.070873
0.263492
0.801602
0.675566
0.934132
0.468112
0.134855
0.406462
0.080419
0.800461
0.404160
0.428422
0.326594
0.127531
0.698939
0.060249
0.434873
0.384883
0.871177
0.374781
0.825850
0.664167
0.287344
0.506679
0.779463
0.097610
0.472364
0.993061
0.833314
0.570547
0.431512
0.319936
0.647932
0.251717
0.921264
0.250468
0.075094
0.804079
0.932583
0.649563
0.318340
0.983666
0.879978
0.056178
0.198699
0.494796
0.287739
0.043054
0.998529
0.049335
0.074982
0.476362
0.914277
0.036156
0.392281
0.209297
0.941399
0.765528
0.886076
0.312639
0.797094
0.787030
0.060001
0.362582
0.577474
0.450902
0.984341
