0.856059
0.191184
0.328110
0.009150
0.905510
0.762927
0.691436
0.406462
0.929428
0.914182
0.920762
0.868301
0.739809
0.509896
0.232476
0.703856
0.243686
0.636513
0.786893
0.187091
0.018740
0.484203
0.260957
0.372474
0.572587
0.849106
0.266699
0.796351
0.579740
0.672015
0.751746
0.838913
0.996499
0.963865
0.209877
0.052085
0.918968
0.258897
0.588454
0.728344
0.806546
0.591830
0.563134
0.922942
0.049455
0.359689
0.261463
0.250468
0.002578
0.330122
0.859813
0.821784
0.297844
0.197259
0.325405
0.097974
0.359804
0.458999
0.694454
0.207794
0.376622
0.621403
0.774193
0.628140
0.492518
0.238629
0.255130
0.798712
0.585595
0.195424
0.931483
0.694307
0.777040
0.418213
0.330830
0.117834
0.067839
0.387541
0.157857
0.577986
0.236494
0.408334
0.708617
0.718616
0.217898
0.926420
0.355835
0.664833
0.146977
0.294465
0.902346
0.207448
0.618222
0.420816
0.362698
0.282636
0.096965
0.777802
0.917154
0.830839
