0.800730
0.710226
0.436430
0.436300
0.086443
0.627177
0.704662
0.404595
0.172287
0.330231
0.720362
0.268618
0.288184
0.419545
0.274581
0.631400
0.759119
0.918458
0.660165
0.791195
0.141864
0.663055
0.330122
0.754517
0.444912
0.528517
0.399210
0.427587
0.858268
0.518398
0.192120
0.482972
0.414484
0.153348
0.070013
0.336925
0.912413
0.230843
0.926420
0.214369
0.646004
0.113057
0.545734
0.025875
0.821525
0.321698
0.581495
0.345000
0.834831
0.906703
0.967627
0.764334
0.618814
0.664167
0.852931
0.501243
0.853051
0.606478
0.201120
0.074473
0.082326
0.641036
0.713075
0.429965
0.345225
0.022251
0.317067
0.215039
0.225422
0.268524
0.201457
0.210303
0.890863
0.828351
0.966523
0.626214
0.112324
0.271398
0.602497
0.493415
0.026886
0.702609
0.017721
0.638292
0.158932
0.004700
0.281370
0.279915
0.580178
0.690331
0.336538
0.306598
0.630585
0.718616
0.697984
0.096225
0.469325
0.020104
0.820811
0.786756
