0.778840
0.472093
0.695263
0.444191
0.628288
0.163546
0.599477
0.557774
0.282343
0.094641
0.802206
0.308983
0.170384
0.102503
0.136146
0.833187
0.848556
0.809003
0.860583
0.909896
0.318127
0.521645
0.242469
0.390697
0.949701
0.962750
0.793845
0.820227
0.046111
0.628955
0.768262
0.455937
0.117834
0.141669
0.750038
0.867433
0.995850
0.903557
0.014370
0.870432
0.208371
0.063453
0.737293
0.785728
0.478402
0.959160
0.466228
0.694822
0.397609
0.005424
0.424002
0.001335
0.867665
0.846044
0.052280
0.375078
0.655347
0.342927
0.897585
0.406586
0.381637
0.486259
0.169082
0.714681
0.973694
0.772801
0.142903
0.545447
0.841220
0.198218
0.080046
0.707226
0.532714
0.856717
0.244253
0.806546
0.869570
0.949557
0.660017
0.194329
0.129381
0.556833
0.651788
0.288184
0.501243
0.184739
0.306856
0.879755
0.489556
0.544011
0.356351
0.720653
0.477110
0.074030
0.488937
0.593372
0.721453
0.898257
0.038471
0.194220
