0.709568
0.301354
0.359458
0.787646
0.269746
0.936890
0.548251
0.469729
0.209529
0.539067
0.452886
0.420943
0.113564
0.182170
0.033178
0.580983
0.000749
0.194803
0.305410
0.984341
0.877803
0.931015
0.228223
0.727910
0.512279
0.453946
0.562336
0.185089
0.093994
0.515370
0.505492
0.634586
0.098993
0.051018
0.029966
0.435716
0.683768
0.547603
0.789286
0.290117
0.860819
0.341866
0.301252
0.146286
0.089482
0.022925
0.440790
0.249712
0.313532
0.645040
0.581641
0.697175
0.685539
0.358305
0.697028
0.520867
0.555099
0.169439
0.193204
0.180588
0.168046
0.950490
0.805947
0.616447
0.976403
0.518398
0.030604
0.449912
0.153288
0.309973
0.175676
0.606183
0.821071
0.405279
0.511087
0.639701
0.543724
0.796351
0.168370
0.112370
0.568509
0.249801
0.070013
0.643112
0.591169
0.963204
0.920166
0.145227
0.273342
0.656755
0.361191
0.955010
0.395460
0.372888
0.365491
0.900362
0.393746
0.891448
0.994824
0.096484
