0.275106
0.469729
0.280545
0.543581
0.014900
0.722688
0.770709
0.568000
0.561539
0.180657
0.559366
0.537494
0.576233
0.044301
0.408646
0.393074
0.049960
0.557195
0.144373
0.892826
0.265394
0.498535
0.339195
0.914182
0.351725
0.422726
0.361191
0.568000
0.712418
0.198625
0.642444
0.073448
0.064378
0.616595
0.188755
0.865165
0.323092
0.801334
0.055567
0.282002
0.894878
0.097853
0.609208
0.364966
0.520867
0.885586
0.739019
0.615339
0.514456
0.262476
0.699747
0.641184
0.964754
0.268430
0.544513
0.139035
0.305822
0.786482
0.929816
0.530721
0.789286
0.570984
0.054962
0.425537
0.760037
0.001001
0.157275
0.135607
0.254183
0.930460
0.939863
0.251538
0.397609
0.624586
0.962811
0.558569
0.795201
0.358075
0.731020
0.781671
0.536280
0.208718
0.487013
0.625400
0.650527
0.789559
0.124250
0.004840
0.207871
0.795336
0.862235
0.561394
0.263863
0.208178
0.438965
0.850567
0.510036
0.831093
0.137720
0.580178
