0.019730
0.532856
0.664167
0.882026
0.769032
0.466094
0.038324
0.001582
0.763701
0.563932
0.251538
0.689005
0.692246
0.085218
0.767492
0.185089
0.513542
0.644076
0.094798
0.021916
0.913658
0.388329
0.899595
0.314900
0.597858
0.883456
0.737005
0.708471
0.474869
0.736861
0.510176
0.736214
0.018660
0.185404
0.385185
0.085738
0.463477
0.718616
0.518398
0.993600
0.556400
0.798241
0.625252
0.725083
0.822043
0.269652
0.394909
0.104955
0.971772
0.591977
0.737149
0.661277
0.505004
0.407272
0.916639
0.317650
0.677489
0.879978
0.388996
0.545591
0.720653
0.396012
0.019078
0.982224
0.341476
0.188471
0.685022
0.664167
0.900924
0.697837
0.174440
0.250379
0.109185
0.731381
0.896444
0.757917
0.990517
0.790309
0.083726
0.850689
0.918458
0.442358
0.161038
0.807543
0.475887
0.139862
0.826685
0.215632
0.942489
0.729646
0.645040
0.080232
0.077872
0.826685
0.176548
0.730586
0.657423
0.146545
0.088904
0.708617
