0.684063
0.554955
0.888884
0.746185
0.728706
0.522705
0.860050
0.604118
0.104675
0.886781
0.871806
0.342089
0.128917
0.759401
0.172980
0.126260
0.060643
0.074093
0.634586
0.321217
0.176986
0.275632
0.109811
0.694601
0.402175
0.103478
0.539854
0.096484
0.437404
0.235771
0.318233
0.673791
0.659869
0.752528
0.502148
0.174673
0.590068
0.570693
0.113426
0.639405
0.925846
0.158993
0.325190
0.345337
0.154909
0.845120
0.644076
0.360440
0.173079
0.706274
0.401618
0.469459
0.700848
0.028531
0.863762
0.629103
0.743037
0.982438
0.686940
0.261969
0.173875
0.466833
0.952327
0.047937
0.941477
0.166856
0.979895
0.168337
0.556978
0.780499
0.099300
0.072096
0.197259
0.434420
0.547315
0.989672
0.287986
0.355950
0.359054
0.445043
0.256396
0.828351
0.471958
0.487151
0.522705
0.772522
0.690773
0.426497
0.485505
0.585741
0.234203
0.451497
0.236494
0.596607
0.607953
0.571785
0.913467
0.474869
0.726968
0.180966
