0.687751
0.889367
0.193530
0.676380
0.444912
0.940377
0.150325
0.622513
0.984609
0.051685
0.924200
0.257803
0.231721
0.495834
0.914277
0.882026
0.201532
0.566111
0.325190
0.690331
0.438379
0.530863
0.977093
0.746328
0.738372
0.198144
0.162508
0.238458
0.609356
0.121677
0.766300
0.113818
0.405652
0.428037
0.528233
0.201457
0.224031
0.696073
0.481947
0.396135
0.646968
0.444781
0.524545
0.047682
0.189467
0.061331
0.501104
0.932034
0.411779
0.716868
0.913658
0.113172
0.159086
0.044579
0.852931
0.499923
0.462874
0.503679
0.929256
0.028374
0.322127
0.287739
0.746614
0.555099
0.250780
0.006495
0.758483
0.102588
0.218697
0.557774
0.829181
0.912317
0.780499
0.892138
0.053289
0.603307
0.853172
0.154397
0.595945
0.215395
0.767071
0.930374
0.018239
0.780637
0.945241
0.605077
0.897015
0.016255
0.977635
0.008761
0.907987
0.260682
0.797094
0.532999
0.224398
0.757280
0.347928
0.279142
0.775097
0.537208
