0.286359
0.298605
0.974064
0.327297
0.540141
0.671571
0.048987
0.887484
0.491483
0.285818
0.931398
0.325298
0.772662
0.723342
0.580690
0.308100
0.361597
0.962016
0.192192
0.290018
0.492242
0.525466
0.600434
0.862764
0.067330
0.437664
0.397855
0.203980
0.539854
0.941907
0.063659
0.589554
0.086788
0.399333
0.963984
0.845798
0.849898
0.431383
0.034422
0.365724
0.749254
0.589261
0.263169
0.198625
0.791195
0.360440
0.044469
0.599330
0.403912
0.704662
0.112874
0.720799
0.090648
0.831538
0.740096
0.605077
0.050738
0.432222
0.981233
0.783462
0.812571
0.308308
0.536137
0.989463
0.940968
0.197590
0.013248
0.753878
0.385306
0.853836
0.623179
0.979065
0.120360
0.389785
0.652900
0.867433
0.006450
0.157337
0.157734
0.051367
0.024369
0.341978
0.406586
0.643112
0.430223
0.613565
0.729936
0.878306
0.112118
0.957606
0.384522
0.476634
0.318233
0.209645
0.232182
0.738372
0.991156
0.440073
0.722398
0.163609
