0.620145
0.450638
0.697175
0.874763
0.927561
0.927561
0.046152
0.694160
0.625252
0.410399
0.981414
0.874140
0.724431
0.621921
0.520232
0.890863
0.915934
0.530223
0.871692
0.068116
0.859279
0.508216
0.043324
0.900924
0.743681
0.298706
0.398409
0.834010
0.074505
0.766440
0.846719
0.827518
0.648451
0.071223
0.767211
0.278225
0.130497
0.558425
0.627992
0.793574
0.462740
0.507168
0.254048
0.619627
0.347082
0.962476
0.509265
0.220504
0.374130
0.898360
0.947331
0.893618
0.393746
0.233655
0.051640
0.508076
0.842834
0.673495
0.220947
0.906604
0.375434
0.961212
0.149738
0.603307
0.979022
0.079137
0.056092
0.773149
0.407834
0.654531
0.148425
0.840536
0.283905
0.908527
0.608248
0.829883
0.998000
0.192264
0.858268
0.859813
0.748042
0.159889
0.608396
0.722543
0.155634
0.030374
0.695263
0.913036
0.336207
0.547963
0.236026
0.291861
0.715921
0.511998
0.620589
0.441051
0.030001
0.182550
0.125553
0.939863
