0.911159
0.152186
0.981454
0.280642
0.284101
0.568000
0.048502
0.072035
0.675566
0.612900
0.731381
0.775236
0.257303
0.352351
0.895558
0.700995
0.535780
0.772034
0.161007
0.612088
0.554521
0.059120
0.016915
0.853836
0.546668
0.430094
0.844566
0.833441
0.615486
0.095608
0.837974
0.701509
0.602791
0.549042
0.788535
0.012316
0.977926
0.240953
0.372002
0.516707
0.904861
0.433191
0.006685
0.511998
0.207679
0.328219
0.244079
0.045289
0.732753
0.032269
0.855279
0.748969
0.032735
0.409334
0.199739
0.130992
0.022111
0.247985
0.883949
0.653419
0.846719
0.201945
0.623179
0.346237
0.609725
0.289472
0.733835
0.968708
0.451894
0.133867
0.215316
0.567564
0.303814
0.309087
0.979301
0.587500
0.859931
0.394786
0.433579
0.988559
0.322716
0.431770
0.964695
0.546668
0.630733
0.580178
0.651788
0.683103
0.193059
0.190861
0.290864
0.558425
0.597711
0.831538
0.039293
0.732898
0.413413
0.416820
0.022117
0.790173
