0.767982
0.420943
0.941477
0.701802
0.920762
0.560452
0.123007
0.852023
0.156544
0.236408
0.410649
0.026025
0.658535
0.332032
0.833187
0.324382
0.441508
0.761589
0.435586
0.559366
0.974064
0.021707
0.038083
0.646820
0.418467
0.698131
0.005712
0.811714
0.973096
0.098584
0.402981
0.686940
0.067519
0.008252
0.626066
0.201532
0.823208
0.035944
0.738372
0.245127
0.927079
0.982185
0.943415
0.779877
0.781120
0.214369
0.214645
0.934215
0.490863
0.428165
0.308308
0.376741
0.071330
0.753736
0.433902
0.050059
0.700041
0.576890
0.672385
0.962415
0.270265
0.783049
0.931398
0.320523
0.403105
0.556689
0.788398
0.292160
0.706567
0.860701
0.595651
0.676232
0.322502
0.129769
0.724576
0.132383
0.649044
0.877579
0.942489
0.848984
0.890383
0.978214
0.265394
0.969714
0.681331
0.102272
0.254949
0.875385
0.780361
0.562336
0.783324
0.903658
0.105041
0.017497
0.266092
0.640665
0.476227
0.606183
0.400938
0.860050
