0.959988
0.993198
0.272630
0.921856
0.823724
0.651640
0.161225
0.546381
0.600581
0.082049
0.647784
0.274056
0.191652
0.143015
0.402547
0.941321
0.287641
0.402175
0.144487
0.211236
0.637329
0.568946
0.706714
0.601539
0.450176
0.927649
0.773428
0.258578
0.140777
0.421770
0.574190
0.546525
0.829054
0.656755
0.445634
0.342927
0.975890
0.886889
0.529156
0.709568
0.765107
0.944408
0.610980
0.260774
0.903457
0.572295
0.626066
0.999092
0.255536
0.177864
0.991919
0.116600
0.299164
0.134855
0.192987
0.963475
0.059030
0.985224
0.553872
0.635401
0.319403
0.864289
0.667574
0.206033
0.504725
0.899697
0.633919
0.755580
0.968653
0.764615
0.260269
0.062323
0.347195
0.324597
0.385306
0.599624
0.933045
0.753736
0.954501
0.458532
0.646004
0.803210
0.902700
0.257122
0.216862
0.634586
0.377395
0.129433
0.249491
0.830711
0.639553
0.640665
0.084950
0.348663
0.012278
0.361944
0.645188
0.821201
0.302480
0.534852
