0.520091
0.690773
0.847394
0.552933
0.132304
0.526246
0.611940
0.295974
0.570547
0.739019
0.749111
0.317067
0.251449
0.991476
0.138322
0.328002
0.862999
0.995249
0.450506
0.150266
0.718762
0.435586
0.864406
0.172947
0.049226
0.598520
0.674457
0.110440
0.226778
0.430803
0.684875
0.438119
0.624586
0.673495
0.330830
0.826813
0.513051
0.810261
0.917154
0.778840
0.495972
0.854618
0.547028
0.456070
0.250379
0.861233
0.987372
0.228762
0.503958
0.628288
0.766159
0.882632
0.154517
0.800596
0.788671
0.401185
0.089875
0.971096
0.227603
0.652604
0.245522
0.735277
0.254949
0.311487
0.518116
0.939863
0.723197
0.683251
0.243599
0.124625
0.715775
0.159672
0.590068
0.714024
0.531930
0.115893
0.639405
0.680371
0.169374
0.091981
0.983629
0.325405
0.364093
0.527949
0.158071
0.531290
0.567855
0.134909
0.344159
0.102778
0.105192
0.196927
0.532856
0.132647
0.809996
0.483451
0.119609
0.849776
0.389785
0.197406
