0.844566
0.164083
0.465624
0.266326
0.214448
0.293912
0.784218
0.776277
0.697175
0.880588
0.747399
0.545591
0.299062
0.747256
0.096524
0.351611
0.680223
0.804079
0.085075
0.090705
0.558425
0.613713
0.669795
0.678449
0.607437
0.518116
0.934132
0.551996
0.427331
0.919568
0.547172
0.712272
0.260178
0.090252
0.174374
0.860701
0.505631
0.112027
0.373775
0.666092
0.268008
0.004028
0.084149
0.659498
0.914277
0.730080
0.853051
0.127404
0.809003
0.222688
0.747399
0.025243
0.666907
0.951871
0.292260
0.982185
0.545878
0.146085
0.980930
0.575430
0.381397
0.002604
0.663055
0.459266
0.137203
0.362350
0.720362
0.700188
0.040694
0.534567
0.162445
0.793574
0.495073
0.394419
0.135257
0.245960
0.660165
0.183903
0.554521
0.253688
0.705469
0.903658
0.569601
0.940889
0.294013
0.734629
0.016209
0.728851
0.768262
0.399210
0.954057
0.030653
0.069624
0.898927
0.370353
0.222607
0.134721
0.863879
0.518257
0.363977
