0.156210
0.012746
0.633919
0.489074
0.832363
0.293912
0.247985
0.851478
0.378527
0.232897
0.985517
0.018166
0.323575
0.521150
0.595136
0.819251
0.563134
0.650824
0.377991
0.097570
0.466363
0.233739
0.350759
0.879644
0.101370
0.557340
0.114119
0.121188
0.516425
0.551707
0.188791
0.150913
0.945241
0.387662
0.517481
0.797229
0.345000
0.322020
0.566619
0.925536
0.196780
0.037150
0.187621
0.153199
0.059793
0.058620
0.298402
0.053242
0.892350
0.642148
0.486876
0.826685
0.054806
0.053418
0.706567
0.544801
0.575941
0.201457
0.100061
0.153348
0.821784
0.288927
0.654531
0.324274
0.037032
0.188862
0.795471
0.548394
0.494313
0.235941
0.873516
0.982688
0.150707
0.784218
0.059262
0.002500
0.464483
0.123057
0.847884
0.917060
0.818535
0.936808
0.536566
0.562336
0.236706
0.269135
0.102693
0.397609
0.938907
0.432351
0.460734
0.191724
0.396810
0.081686
0.179052
0.425793
0.551852
0.437534
0.256215
0.566111
