0.935374
0.783324
0.466968
0.025278
0.908625
0.472837
0.982936
0.489418
0.322609
0.815856
0.059378
0.743825
0.651936
0.684063
0.969009
0.329904
0.197332
0.628955
0.578278
0.921173
0.140666
0.157092
0.259994
0.560017
0.514596
0.100994
0.662092
0.248162
0.709275
0.016101
0.229759
0.800730
0.342816
0.394419
0.192806
0.509265
0.975583
0.465221
0.711322
0.737941
0.009511
0.549978
0.429000
0.667574
0.824305
0.422471
0.913658
0.075720
0.535209
0.558280
0.526246
0.347420
0.187939
0.654680
0.756360
0.010698
0.659498
0.907445
0.639256
0.565820
0.417643
0.073104
0.714973
0.432351
0.254453
0.850567
0.250068
0.789150
0.186703
0.059598
0.034680
0.363860
0.490726
0.248074
0.681331
0.281467
0.577694
0.559366
0.067956
0.695558
0.134561
0.234035
0.621403
0.517622
0.529299
0.058902
0.439225
0.975796
0.450044
0.317756
0.218857
0.897119
0.948213
0.015332
0.507447
0.154007
0.811714
0.099382
0.059676
0.050928
