0.497496
0.862117
0.698131
0.619627
0.499021
0.330721
0.642444
0.502008
0.689520
0.898360
0.495972
0.201532
0.543868
0.319031
0.852266
0.627992
0.305616
0.078021
0.022365
0.577840
0.711176
0.487906
0.273247
0.603750
0.453350
0.767211
0.342816
0.392830
0.107348
0.916028
0.161475
0.417896
0.818404
0.963083
0.168046
0.937781
0.298402
0.449912
0.112759
0.111186
0.280109
0.927736
0.302941
0.033580
0.822496
0.170515
0.153079
0.970807
0.922536
0.701656
0.420117
0.486876
0.360324
0.994919
0.447474
0.785111
0.332963
0.764615
0.520867
0.714024
0.817687
0.711176
0.538281
0.886781
0.152811
0.049009
0.303814
0.821201
0.293812
0.894301
0.490450
0.543724
0.006822
0.416252
0.921264
0.741818
0.189931
0.498535
0.767211
0.043237
0.567419
0.003578
0.771616
0.730731
0.369412
0.005490
0.627844
0.213425
0.514456
0.254678
0.038100
0.028702
0.782429
0.859813
0.954125
0.888777
0.884551
0.741962
0.594328
0.878306
