0.100724
0.750038
0.990491
0.362582
0.189075
0.608101
0.467573
0.637477
0.681700
0.846044
0.791943
0.648748
0.717815
0.358708
0.351384
0.396503
0.429258
0.279190
0.918968
0.023123
0.992094
0.618666
0.866039
0.779739
0.911062
0.247324
0.909262
0.479560
0.986142
0.549186
0.981153
0.065655
0.031685
0.345000
0.209877
0.280206
0.950025
0.183278
0.774610
0.399457
0.816707
0.250290
0.683251
0.158932
0.126210
0.574045
0.194949
0.540642
0.306287
0.050048
0.244166
0.386876
0.567055
0.663055
0.344888
0.188010
0.486121
0.722688
0.607806
0.008086
0.427331
0.825142
0.428422
0.319456
0.934132
0.081945
0.660462
0.209297
0.020446
0.072436
0.568364
0.397732
0.360324
0.089071
0.009707
0.967990
0.259582
0.565675
0.071866
0.308879
0.141976
0.848312
0.248472
0.426754
0.159147
0.753878
0.162445
0.325891
0.693498
0.600434
0.085307
0.186492
0.438119
0.613861
0.972107
0.243033
0.605371
0.429837
0.777040
0.442358
