0.300385
0.652455
0.874140
0.484614
0.834010
0.752031
0.546237
0.014574
0.908527
0.892244
0.673495
0.097449
0.535780
0.332032
0.290665
0.461870
0.408896
0.270359
0.015100
0.753878
0.841220
0.091236
0.484203
0.838100
0.197517
0.334280
0.876849
0.012227
0.623179
0.138788
0.979301
0.970117
0.069044
0.229551
0.162570
0.284542
0.749895
0.628288
0.985224
0.846719
0.286999
0.768262
0.851478
0.367009
0.687751
0.454079
0.001055
0.078486
0.928215
0.464483
0.960462
0.657423
0.816707
0.732320
0.701656
0.026480
0.190718
0.929902
0.054138
0.982649
0.598667
0.597563
0.820227
0.190324
0.091656
0.261463
0.255355
0.845367
0.309087
0.133761
0.752670
0.319936
0.094641
0.974601
0.918458
0.000849
0.370353
0.305616
0.408896
0.555749
0.287344
0.025395
0.757280
0.667722
0.457267
0.515510
0.470472
0.734629
0.517200
0.778702
0.166151
0.998439
0.061598
0.893512
0.540642
0.108562
0.403912
0.313532
0.668980
0.003241
