0.499299
0.001909
0.456801
0.203413
0.713075
0.973966
0.364617
0.124075
0.221230
0.998283
0.436170
0.971148
0.425089
0.387299
0.167563
0.567710
0.435003
0.971043
0.469594
0.701656
0.954501
0.345731
0.608765
0.903457
0.353491
0.095113
0.018652
0.826557
0.917668
0.538138
0.838788
0.813295
0.200709
0.241905
0.920074
0.940298
0.219900
0.460267
0.934755
0.963924
0.769032
0.862117
0.988336
0.812571
0.251047
0.383619
0.897015
0.703709
0.403477
0.012594
0.385969
0.125000
0.573680
0.378527
0.908724
0.911062
0.882522
0.228596
0.822496
0.668536
0.735421
0.040812
0.549834
0.386634
0.265487
0.795471
0.084842
0.187691
0.200970
0.842152
0.789423
0.826813
0.705615
0.843392
0.536280
0.622217
0.293361
0.395583
0.180588
0.344271
0.456203
0.316484
0.995766
0.319137
0.621551
0.225627
0.479015
0.514456
0.503958
0.187550
0.764755
0.219298
0.245785
0.165895
0.396810
0.402671
0.573243
0.154969
0.283710
0.642296
