0.964960
0.233191
0.257621
0.534567
0.765247
0.657423
0.649563
0.220867
0.227479
0.039029
0.800730
0.794456
0.498674
0.396810
0.028472
0.695925
0.644224
0.903104
0.605224
0.256124
0.572587
0.186492
0.019340
0.537351
0.727910
0.278563
0.016975
0.755439
0.613048
0.377633
0.641036
0.697175
0.558280
0.144543
0.396933
0.936278
0.278852
0.016359
0.804079
0.219298
0.852931
0.945730
0.978784
0.710226
0.917060
0.420371
0.370059
0.136011
0.259857
0.818535
0.545878
0.639553
0.083620
0.164971
0.159549
0.286900
0.524545
0.800596
0.899030
0.924870
0.421770
0.991633
0.982688
0.988909
0.394664
0.536566
0.816707
0.293712
0.659350
0.058786
0.766440
0.173344
0.413791
0.347477
0.505631
0.951413
0.163546
0.907445
0.829181
0.808274
0.725229
0.865165
0.324489
0.546237
0.574993
0.087263
0.228845
0.644372
0.320416
0.167982
0.834262
0.130784
0.778840
0.669943
0.942489
0.115213
0.541716
0.061772
0.444650
0.901484
