0.736358
0.091160
0.907445
0.059430
0.069237
0.529299
0.832617
0.917854
0.267213
0.473108
0.779601
0.668832
0.043093
0.141808
0.577694
0.762152
0.716722
0.448330
0.222972
0.868070
0.267306
0.729140
0.121090
0.988141
0.591683
0.607953
0.822496
0.845798
0.649044
0.070964
0.949160
0.424130
0.031743
0.877803
0.592124
0.381517
0.039755
0.551203
0.035717
0.022649
0.113564
0.912940
0.691436
0.020969
0.342313
0.728706
0.065996
0.148163
0.399210
0.540785
0.123926
0.535495
0.001892
0.166503
0.801602
0.156422
0.171727
0.321217
0.922942
0.002490
0.422726
0.422599
0.838225
0.627844
0.421643
0.866039
0.811714
0.172518
0.610832
0.568800
0.704516
0.687604
0.466833
0.457400
0.797229
0.260866
0.512630
0.503540
0.304276
0.030194
0.337975
0.265673
0.987944
0.149679
0.547459
0.975890
0.528730
0.155301
0.700188
0.450770
0.055385
0.370176
0.642296
0.712783
0.738084
0.005073
0.118670
0.178746
0.886889
0.868820
