0.151800
0.834704
0.491208
0.428165
0.524120
0.850689
0.181412
0.425793
0.989096
0.856837
0.147844
0.609872
0.914182
0.011986
0.322502
0.030892
0.353091
0.822626
0.077592
0.526388
0.691436
0.517341
0.809732
0.211548
0.743037
0.906058
0.858625
0.917247
0.620293
0.853051
0.638589
0.847639
0.631844
0.988938
0.518116
0.402175
0.340640
0.316961
0.255943
0.609872
0.224889
0.669129
0.426754
0.404843
0.515510
0.095787
0.274486
0.345731
0.851478
0.686793
0.682291
0.894301
0.347815
0.069759
0.152038
0.194694
0.842710
0.979853
0.011155
0.820357
0.997878
0.594842
0.680075
0.053055
0.009555
0.693498
0.014685
0.232266
0.042614
0.630066
0.563279
0.034625
0.980889
0.595945
0.349625
0.970410
0.264465
0.667870
0.733547
0.752386
0.704809
0.517481
0.565820
0.282538
0.986782
0.420943
0.616743
0.205689
0.556544
0.868070
0.563932
0.222363
0.224113
0.572441
0.683251
0.308308
0.984574
0.389907
0.256441
0.464483
