0.147902
0.574993
0.791195
0.750821
0.526246
0.582885
0.090743
0.864172
0.079439
0.316590
0.139614
0.001664
0.615782
0.542935
0.990320
0.586547
0.882522
0.243991
0.409459
0.418213
0.483587
0.101265
0.876849
0.167692
0.294565
0.835650
0.865923
0.213582
0.977970
0.846167
0.521009
0.529938
0.809864
0.029584
0.254273
0.407147
0.263169
0.102314
0.713075
0.833883
0.261555
0.159394
0.258213
0.337256
0.271493
0.181860
0.654383
0.345000
0.826428
0.547172
0.969064
0.839725
0.809401
0.374781
0.181722
0.970463
0.128325
0.891661
0.665944
0.058061
0.948213
0.013433
0.676380
0.396380
0.687751
0.534567
0.017426
0.878418
0.513542
0.297288
0.395460
0.546381
0.021947
0.082848
0.258578
0.680371
0.945241
0.880477
0.350135
0.560742
0.891661
0.365491
0.593887
0.313059
0.618666
0.694454
0.281467
0.004298
0.903658
0.042263
0.697837
0.148425
0.265301
0.131804
0.077296
0.558569
0.592932
0.010521
0.163672
0.460267
