0.639553
0.706567
0.034188
0.567564
0.983629
0.969064
0.139338
0.217738
0.038566
0.014671
0.122094
0.722543
0.961955
0.092519
0.654531
0.973421
0.713075
0.294766
0.571494
0.029836
0.992221
0.149562
0.667055
0.400815
0.513823
0.772801
0.649860
0.097489
0.155150
0.104912
0.606847
0.584496
0.544513
0.230384
0.603160
0.393746
0.377395
0.088034
0.753594
0.693350
0.519032
0.880588
0.050492
0.714827
0.755439
0.195570
0.270973
0.811582
0.337643
0.364617
0.466363
0.148599
0.188400
0.960744
0.057494
0.978500
0.188542
0.281370
0.796215
0.124950
0.746471
0.570256
0.495073
0.000765
0.810856
0.679115
0.917854
0.258897
0.984341
0.469459
0.897689
0.547172
0.887376
0.412030
0.494313
0.873516
0.762011
0.223135
0.562191
0.623475
0.854739
0.054854
0.758483
0.012522
0.260269
0.838225
0.714316
0.474869
0.848434
0.386997
0.107744
0.350759
0.897585
0.852266
0.107987
0.847761
0.300946
0.813427
0.273866
0.933674
