0.307063
0.953610
0.744469
0.916122
0.208024
0.793438
0.716868
0.921355
0.706274
0.060590
0.337865
0.967261
0.061973
0.397609
0.541860
0.207871
0.777178
0.600287
0.630066
0.386755
0.605519
0.539353
0.063056
0.152364
0.638292
0.543724
0.008905
0.212250
0.693203
0.397486
0.127583
0.500479
0.554666
0.071467
0.841469
0.058761
0.524545
0.725374
0.688857
0.627177
0.634586
0.492104
0.315006
0.797971
0.433191
0.643112
0.192517
0.077165
0.447737
0.496734
0.164305
0.018709
0.251627
0.193458
0.588307
0.477382
0.209722
0.767842
0.372356
0.572149
0.448198
0.276447
0.052626
0.431770
0.542146
0.577328
0.746185
0.208640
0.897689
0.999164
0.805547
0.555316
0.636217
0.317756
0.762011
0.428165
0.029007
0.142706
0.451034
0.221553
0.959224
0.550554
0.740886
0.474463
0.620441
0.431770
0.859813
0.115940
0.425217
0.779877
0.521786
0.330940
0.472228
0.134801
0.144118
0.526672
0.560307
0.386090
0.602349
0.907247
