0.402671
0.777940
0.965077
0.028874
0.071299
0.176616
0.123379
0.569455
0.173576
0.149943
0.876118
0.114027
0.718616
0.096625
0.422726
0.149182
0.143269
0.714024
0.069983
0.090705
0.219017
0.835398
0.622217
0.215316
0.750038
0.648748
0.211899
0.895662
0.259582
0.075334
0.435132
0.363337
0.496734
0.049630
0.503540
0.521927
0.536923
0.423875
0.098503
0.713221
0.135903
0.455074
0.438379
0.090082
0.155362
0.810988
0.684727
0.877186
0.413791
0.639108
0.937255
0.142453
0.753736
0.528233
0.247500
0.744755
0.198922
0.402423
0.782292
0.085182
0.037766
0.672385
0.792215
0.518891
0.146919
0.611792
0.747542
0.272013
0.845921
0.437274
0.949087
0.257031
0.774193
0.189717
0.458999
0.791195
0.757280
0.608913
0.120603
0.961150
0.151534
0.235474
0.561539
0.232728
0.422344
0.714973
0.944408
0.334885
0.708471
0.899492
0.685834
0.884769
0.329632
0.313637
0.898257
0.269652
0.858268
0.764615
0.743538
0.899030
