0.985958
0.084575
0.285621
0.607806
0.959575
0.082361
0.136254
0.684210
0.774471
0.577182
0.545591
0.370706
0.230384
0.537208
0.028192
0.153677
0.800596
0.245040
0.645040
0.704369
0.018161
0.217459
0.072096
0.362466
0.983869
0.875272
0.104675
0.691583
0.046626
0.228389
0.797094
0.334610
0.447606
0.931015
0.661129
0.771755
0.151475
0.351384
0.466228
0.520091
0.929902
0.605371
0.138431
0.005199
0.969417
0.383499
0.635401
0.059650
0.128376
0.594695
0.570256
0.682955
0.994593
0.815135
0.249224
0.819251
0.726968
0.599771
0.092828
0.604266
0.036890
0.453615
0.787509
0.764755
0.656311
0.831538
0.787646
0.247324
0.211392
0.221999
0.286063
0.841220
0.075865
0.104761
0.974333
0.911787
0.392708
0.482835
0.915415
0.111390
0.000519
0.264094
0.295319
0.819251
0.592932
0.537208
0.941984
0.073104
0.897015
0.356925
0.264280
0.720362
0.222242
0.456402
0.016535
0.016301
0.501869
0.027691
0.806812
0.147092
