0.396810
0.994110
0.250958
0.964370
0.626214
0.443601
0.011282
0.725083
0.748184
0.987807
0.546525
0.601244
0.137257
0.409021
0.087153
0.882742
0.623993
0.545878
0.583983
0.307944
0.948213
0.363337
0.455937
0.086117
0.409710
0.850020
0.185719
0.355950
0.316484
0.080385
0.411465
0.720653
0.212485
0.470607
0.838913
0.519949
0.569746
0.599624
0.000277
0.930930
0.470202
0.065811
0.214881
0.153857
0.234838
0.022845
0.477518
0.218697
0.008019
0.683768
0.913658
0.414484
0.695925
0.175676
0.646523
0.876118
0.664981
0.434032
0.443929
0.000475
0.846044
0.158071
0.849776
0.596607
0.257894
0.834010
0.561249
0.614008
0.158409
0.766019
0.298706
0.437534
0.767211
0.609060
0.854378
0.270170
0.436559
0.366133
0.755722
0.479151
0.807543
0.294766
0.553872
0.221028
0.543868
0.317756
0.594034
0.110395
0.692393
0.629621
0.013729
0.839476
0.448198
0.754659
0.562844
0.457666
0.094209
0.617039
0.080897
0.602497
