0.494935
0.592785
0.684063
0.767982
0.406586
0.440790
0.374663
0.101914
0.204473
0.846044
0.706567
0.252701
0.650008
0.510946
0.877691
0.978170
0.169927
0.038134
0.613048
0.290565
0.140944
0.037988
0.937862
0.830011
0.449912
0.422726
0.084486
0.460400
0.005106
0.697984
0.374544
0.695116
0.371589
0.976194
0.852266
0.452952
0.793710
0.933213
0.318552
0.051742
0.569892
0.043635
0.999915
0.796080
0.649860
0.982476
0.792691
0.669943
0.768122
0.895087
0.452754
0.315322
0.963984
0.374663
0.633623
0.129200
0.654828
0.725229
0.403353
0.219458
0.404843
0.289919
0.348549
0.521927
0.984804
0.351725
0.900260
0.785111
0.663722
0.803945
0.925359
0.322395
0.978544
0.859160
0.155816
0.207448
0.655643
0.965834
0.843639
0.288927
0.984142
0.139586
0.862882
0.837410
0.926596
0.574993
0.082552
0.914894
0.169862
0.396687
0.105603
0.329523
0.989644
0.648748
0.643779
0.495834
0.940298
0.760813
0.217300
0.290764
