0.847516
0.398655
0.735421
0.249712
0.383078
0.301508
0.584642
0.184425
0.791943
0.746757
0.144373
0.377276
0.892244
0.139503
0.371825
0.445175
0.781671
0.432351
0.879032
0.836342
0.635550
0.686940
0.509126
0.921765
0.763419
0.901484
0.920074
0.888077
0.110013
0.934049
0.926420
0.417896
0.574482
0.037937
0.179699
0.618666
0.032107
0.553727
0.038419
0.060960
0.842586
0.321805
0.954194
0.447342
0.967627
0.243991
0.103096
0.777802
0.403477
0.572004
0.894983
0.569892
0.389117
0.383198
0.709422
0.502148
0.678302
0.992638
0.606183
0.257394
0.644224
0.408771
0.879644
0.706567
0.511718
0.371589
0.369941
0.019449
0.061106
0.437664
0.402547
0.955818
0.575139
0.140222
0.555099
0.614673
0.941477
0.585741
0.964695
0.824047
0.678154
0.732609
0.955818
0.763701
0.255265
0.227933
0.497011
0.729936
0.256532
0.710372
0.259080
0.739163
0.530081
0.714973
0.228471
0.904761
0.985033
0.196229
0.267213
0.786002
