0.903457
0.935827
0.039871
0.475480
0.561104
0.086952
0.524687
0.005709
0.086117
0.949557
0.677341
0.567855
0.901687
0.193820
0.404036
0.731020
0.329904
0.209799
0.487151
0.595651
0.274152
0.533355
0.209451
0.918365
0.778840
0.656459
0.652455
0.318233
0.868416
0.292510
0.511998
0.132304
0.277070
0.552284
0.923527
0.674309
0.464348
0.059624
0.365374
0.953988
0.672385
0.413917
0.564077
0.334170
0.311226
0.503958
0.378647
0.349908
0.534282
0.573899
0.604266
0.841220
0.902801
0.300283
0.794727
0.323683
0.638441
0.487288
0.414863
0.534852
0.646004
0.705322
0.138267
0.718907
0.974649
0.033042
0.434420
0.871806
0.396810
0.351270
0.480037
0.887592
0.142593
0.104075
0.304019
0.957113
0.243207
0.227479
0.589921
0.796351
0.725083
0.593887
0.926420
0.095311
0.116694
0.120505
0.215830
0.446619
0.722543
0.534424
0.697175
0.813164
0.559366
0.991942
0.396933
0.132832
0.745256
0.037183
0.029632
0.416947
