0.055385
0.226778
0.353205
0.180212
0.649563
0.303506
0.724285
0.909701
0.120093
0.219378
0.657274
0.688710
0.306598
0.621255
0.717014
0.743825
0.706567
0.491483
0.151978
0.458666
0.721744
0.183070
0.646004
0.552789
0.087464
0.519949
0.356466
0.663055
0.363221
0.356696
0.517975
0.245960
0.407959
0.341978
0.969714
0.215474
0.159487
0.928866
0.782911
0.449186
0.384401
0.488043
0.495834
0.774471
0.200709
0.130263
0.232897
0.540928
0.976496
0.760037
0.663352
0.914277
0.712783
0.342201
0.940377
0.842152
0.854739
0.892244
0.556400
0.116647
0.748969
0.120871
0.120141
0.985033
0.114468
0.391610
0.503679
0.756218
0.981414
0.212680
0.603750
0.695116
0.023074
0.121996
0.817556
0.479015
0.988141
0.047577
0.311592
0.700701
0.821525
0.178000
0.596754
0.530863
0.111640
0.854739
0.140111
0.345113
0.838663
0.317544
0.280109
0.498674
0.292710
0.987372
0.580690
0.194803
0.154849
0.972718
0.365491
0.555894
