0.900465
0.651640
0.563787
0.292260
0.252119
0.202095
0.183660
0.474598
0.847761
0.051243
0.308412
0.203413
0.263585
0.904861
0.961616
0.958387
0.962016
0.493277
0.177932
0.006256
0.172914
0.721308
0.618370
0.104869
0.946776
0.119344
0.083884
0.796486
0.036666
0.425345
0.138733
0.310233
0.834704
0.632511
0.571785
0.656162
0.183070
0.546668
0.518398
0.566765
0.429258
0.372769
0.197332
0.605519
0.359689
0.830839
0.147468
0.640072
0.601539
0.869685
0.514456
0.083462
0.693203
0.158470
0.250468
0.365374
0.272108
0.370706
0.615634
0.544657
0.931483
0.678006
0.469459
0.850689
0.049773
0.510176
0.842834
0.174573
0.770080
0.220746
0.487631
0.232350
0.546381
0.588454
0.275728
0.695411
0.013602
0.436430
0.283270
0.767071
0.450770
0.531930
0.503679
0.164908
0.468718
0.454808
0.738372
0.230384
0.376503
0.235771
0.633104
0.560452
0.098137
0.328002
0.769801
0.830966
0.963535
0.808141
0.318233
0.341587
