0.314637
0.129200
0.639256
0.726316
0.144686
0.449780
0.802474
0.363977
0.356581
0.209374
0.362350
0.225709
0.459266
0.378408
0.953162
0.020876
0.215909
0.876961
0.192048
0.314321
0.238715
0.056622
0.636365
0.669795
0.837410
0.701949
0.151860
0.033306
0.967934
0.047440
0.045269
0.128248
0.030270
0.161412
0.580032
0.890276
0.085973
0.146977
0.418467
0.693350
0.079506
0.095787
0.532856
0.593740
0.315586
0.720653
0.974015
0.060933
0.181550
0.385306
0.736358
0.437274
0.719562
0.184809
0.368415
0.570693
0.486739
0.917668
0.318765
0.002610
0.474598
0.654383
0.035491
0.820941
0.819967
0.345956
0.658090
0.586547
0.928780
0.569601
0.820941
0.577036
0.184949
0.230259
0.920853
0.434032
0.676527
0.706567
0.590361
0.510806
0.198922
0.232939
0.169927
0.102926
0.690331
0.189324
0.693498
0.406586
0.459399
0.438379
0.459132
0.842710
0.477110
0.921355
0.023915
0.210536
0.991476
0.290217
0.796215
0.605224
