0.290117
0.908724
0.031169
0.393624
0.972718
0.703709
0.685022
0.096305
0.002163
0.758059
0.437534
0.130497
0.647784
0.778702
0.870317
0.476906
0.710518
0.207372
0.120603
0.826557
0.671719
0.947663
0.398779
0.259491
0.113610
0.347195
0.458266
0.359458
0.739019
0.973371
0.846167
0.396135
0.884059
0.135661
0.603455
0.820811
0.667722
0.321003
0.887592
0.977388
0.861469
0.752528
0.155816
0.832363
0.702903
0.134962
0.366483
0.461603
0.020547
0.683251
0.372120
0.625400
0.691583
0.494036
0.358939
0.035822
0.737005
0.032269
0.182689
0.523766
0.013954
0.862235
0.235389
0.864289
0.181860
0.170711
0.839600
0.184739
0.128248
0.507727
0.832363
0.562626
0.774332
0.331212
0.429837
0.786140
0.041115
0.863527
0.300691
0.867549
0.110643
0.616891
0.895558
0.308775
0.083198
0.072096
0.611940
0.967205
0.293261
0.042681
0.035960
0.671719
0.999365
0.180451
0.973096
0.385849
0.797971
0.150266
0.611792
0.538281
