0.241429
0.127966
0.811450
0.777940
0.994593
0.953610
0.536708
0.533498
0.358075
0.919153
0.485847
0.652455
0.892826
0.518539
0.569746
0.933129
0.212406
0.448330
0.568000
0.194075
0.705762
0.300487
0.574336
0.998220
0.219820
0.081273
0.998793
0.126590
0.032159
0.701656
0.528091
0.334280
0.144913
0.601244
0.573534
0.874140
0.255943
0.608101
0.698939
0.604118
0.478878
0.863644
0.135661
0.056203
0.660165
0.875385
0.510946
0.118096
0.379961
0.039817
0.929902
0.746185
0.482699
0.113657
0.829181
0.911883
0.603455
0.176919
0.947257
0.873402
0.659498
0.049630
0.933590
0.680223
0.957835
0.154517
0.908085
0.218497
0.033664
0.351725
0.664315
0.769940
0.421643
0.068527
0.634734
0.765247
0.033140
0.667203
0.898360
0.429258
0.401866
0.349908
0.252432
0.800730
0.848312
0.235389
0.721744
0.786140
0.393624
0.880366
0.952850
0.012354
0.264976
0.952327
0.881087
0.965515
0.800864
0.792827
0.449186
0.775999
