0.679262
0.380738
0.671571
0.743681
0.019440
0.264697
0.228223
0.613565
0.012947
0.253194
0.317756
0.246355
0.929816
0.690626
0.068116
0.547315
0.542935
0.015205
0.796215
0.334280
0.418847
0.071958
0.637625
0.441639
0.528091
0.402547
0.265301
0.404843
0.367536
0.040812
0.840411
0.514315
0.926992
0.121139
0.510176
0.474869
0.638589
0.101036
0.926992
0.207372
0.921446
0.533783
0.513402
0.580690
0.439812
0.709422
0.869685
0.102905
0.401495
0.919060
0.525608
0.199182
0.187303
0.210536
0.194147
0.268008
0.167273
0.821914
0.853051
0.042795
0.518398
0.002493
0.182378
0.897689
0.478266
0.404968
0.133415
0.703416
0.894878
0.154969
0.752812
0.122365
0.039328
0.631992
0.311016
0.360440
0.785865
0.404036
0.727910
0.578936
0.751746
0.862764
0.540141
0.389360
0.360440
0.971487
0.683768
0.539067
0.712929
0.510316
0.341476
0.833187
0.799856
0.451629
0.844566
0.755580
0.360555
0.940811
0.762786
0.784973
