0.820227
0.026443
0.466363
0.374426
0.753878
0.093273
0.562191
0.475887
0.393869
0.414358
0.111776
0.262568
0.320523
0.303814
0.092693
0.169602
0.179324
0.006704
0.059546
0.680223
0.659053
0.331322
0.007850
0.543078
0.314531
0.277792
0.213504
0.626066
0.591022
0.023074
0.460734
0.881916
0.229551
0.347702
0.664018
0.109341
0.906157
0.595504
0.808274
0.363977
0.863644
0.386997
0.183208
0.488799
0.287739
0.555605
0.595945
0.061331
0.612088
0.074235
0.171497
0.782154
0.919752
0.434873
0.318924
0.221634
0.148425
0.915320
0.385849
0.556544
0.582739
0.281176
0.280012
0.310129
0.270878
0.864523
0.453350
0.992198
0.487013
0.633919
0.305152
0.745685
0.568509
0.894878
0.697984
0.008208
0.094131
0.521503
0.296328
0.035036
0.596754
0.715921
0.537066
0.649563
0.519949
0.886184
0.232015
0.020269
0.802942
0.666759
0.018512
0.613861
0.152038
0.695116
0.958387
0.412847
0.128094
0.602497
0.648748
0.527310
