0.401495
0.741818
0.487151
0.917341
0.447342
0.070843
0.071101
0.121408
0.465221
0.074330
0.952711
0.979301
0.618666
0.824176
0.125051
0.047693
0.890970
0.534710
0.435716
0.675270
0.846842
0.752670
0.163262
0.334995
0.997504
0.045795
0.586401
0.134213
0.062852
0.675566
0.547172
0.583690
0.408771
0.387783
0.762504
0.174141
0.266605
0.926111
0.370706
0.747542
0.299621
0.750821
0.387118
0.925934
0.447474
0.995548
0.893038
0.810261
0.103776
0.493001
0.038212
0.632807
0.166856
0.063001
0.164305
0.552140
0.424833
0.441508
0.024825
0.488799
0.323414
0.708471
0.217021
0.292810
0.203640
0.704956
0.302480
0.558135
0.168337
0.551059
0.763701
0.081308
0.777178
0.988880
0.933674
0.686498
0.943836
0.342927
0.842028
0.697028
0.551852
0.357098
0.388329
0.539067
0.503819
0.429258
0.556255
0.469594
0.408084
0.073888
0.132252
0.535209
0.941477
0.802474
0.593079
0.588454
0.874140
0.271209
0.933590
0.794727
