0.906703
0.188152
0.271587
0.702903
0.780499
0.229842
0.544513
0.569746
0.359573
0.347195
0.513964
0.101495
0.629918
0.082326
0.242946
0.170842
0.746328
0.381517
0.079607
0.296328
0.770080
0.323790
0.786140
0.176414
0.998068
0.250869
0.005904
0.135903
0.530081
0.233655
0.187091
0.946366
0.371353
0.406586
0.070540
0.429386
0.764615
0.125000
0.396012
0.668832
0.609872
0.858387
0.519949
0.401742
0.760319
0.380619
0.578132
0.265487
0.250290
0.802607
0.526530
0.194329
0.821784
0.521786
0.073104
0.235389
0.967990
0.075158
0.893828
0.140638
0.600581
0.023193
0.759119
0.018247
0.815856
0.430223
0.464348
0.543724
0.410524
0.508356
0.236111
0.911159
0.273342
0.096185
0.331649
0.928215
0.790173
0.519173
0.057934
0.562046
0.486739
0.898463
0.132991
0.382958
0.807543
0.142341
0.280545
0.184565
0.075929
0.939784
0.260957
0.259400
0.696073
0.250201
0.052788
0.933129
0.477382
0.760178
0.265394
0.687456
