0.873402
0.551059
0.603750
0.444519
0.026061
0.004896
0.167821
0.351725
0.921856
0.163894
0.648228
0.028459
0.469594
0.675566
0.006053
0.370059
0.596754
0.029632
0.306391
0.329414
0.446488
0.355835
0.782911
0.675566
0.264465
0.981193
0.935663
0.925447
0.206453
0.906802
0.556544
0.559511
0.142397
0.067461
0.638441
0.870317
0.992803
0.015259
0.163325
0.531930
0.872035
0.131962
0.796351
0.948688
0.676232
0.417073
0.490588
0.366250
0.656162
0.873516
0.857494
0.584203
0.313847
0.955818
0.506679
0.920670
0.313847
0.197480
0.748184
0.278322
0.736358
0.668018
0.509896
0.664167
0.259994
0.477518
0.194730
0.854618
0.103606
0.843639
0.432351
0.362350
0.921856
0.697028
0.830138
0.161350
0.219900
0.899595
0.011141
0.186175
0.208718
0.876231
0.110463
0.150002
0.728995
0.869051
0.645856
0.684579
0.420943
0.181791
0.908085
0.250691
0.171563
0.110643
0.899595
0.384401
0.724431
0.986959
0.609356
0.779877
