0.180007
0.256804
0.835650
0.875385
0.468718
0.361076
0.405092
0.189859
0.015671
0.951871
0.304379
0.590361
0.912413
0.088107
0.450044
0.034798
0.143806
0.735133
0.141864
0.061305
0.287443
0.359689
0.021261
0.086045
0.661277
0.091771
0.878306
0.426305
0.738875
0.720362
0.634586
0.117667
0.330122
0.265487
0.403353
0.503192
0.664167
0.352749
0.148803
0.115682
0.558714
0.465355
0.414358
0.908183
0.292610
0.429129
0.102230
0.484477
0.882632
0.866911
0.748184
0.241256
0.053665
0.856059
0.571348
0.093157
0.491621
0.649860
0.736214
0.373538
0.382717
0.911256
0.513191
0.143213
0.602497
0.057281
0.416125
0.726171
0.275202
0.150178
0.676675
0.745542
0.400135
0.853956
0.620293
0.353605
0.701802
0.516918
0.385185
0.754659
0.753452
0.117953
0.124300
0.705469
0.668980
0.756502
0.922445
0.150325
0.856837
0.523483
0.691289
0.077378
0.817687
0.510316
0.358824
0.266186
0.936808
0.156544
0.146229
0.338807
