0.207525
0.056684
0.715921
0.131411
0.420371
0.271777
0.516707
0.776138
0.810988
0.284003
0.108518
0.543437
0.736358
0.619183
0.815135
0.517059
0.791807
0.742894
0.781533
0.032063
0.680223
0.521503
0.873288
0.942914
0.468112
0.335821
0.736358
0.737149
0.710226
0.060643
0.826107
0.211470
0.083391
0.061598
0.934589
0.645336
0.319723
0.912845
0.148920
0.601686
0.731815
0.721744
0.697028
0.034367
0.364209
0.996043
0.570256
0.640517
0.394664
0.867317
0.961212
0.735709
0.387299
0.253688
0.031476
0.865165
0.449186
0.303044
0.686940
0.005986
0.103244
0.296328
0.528375
0.703416
0.145056
0.920670
0.737149
0.063659
0.699894
0.312954
0.754517
0.804680
0.952327
0.004245
0.824885
0.977881
0.728055
0.583544
0.141864
0.609577
0.633623
0.496872
0.069789
0.062175
0.137312
0.089669
0.690773
0.415872
0.495972
0.749895
0.982185
0.044213
0.112027
0.104161
0.173775
0.081050
0.023393
0.540284
0.948286
0.376741
