0.057031
0.856717
0.911256
0.028160
0.880366
0.799722
0.428679
0.076561
0.028861
0.366133
0.819967
0.134614
0.826685
0.864523
0.285081
0.054031
0.426754
0.399580
0.719562
0.465221
0.844566
0.160882
0.449186
0.762927
0.542648
0.424961
0.885478
0.683915
0.519456
0.809864
0.792079
0.496249
0.407272
0.529014
0.524545
0.983629
0.610020
0.418340
0.616891
0.548394
0.112828
0.099464
0.530081
0.180212
0.329305
0.682955
0.439095
0.885478
0.631696
0.385185
0.092944
0.857494
0.641332
0.698278
0.507447
0.593887
0.737581
0.795471
0.467842
0.325675
0.761730
0.999252
0.008752
0.766931
0.384522
0.497634
0.982438
0.289125
0.075126
0.838913
0.928302
0.700041
0.801736
0.045815
0.746328
0.769801
0.260957
0.148745
0.349058
0.082239
0.750821
0.065500
0.161163
0.221473
0.333676
0.136552
0.803812
0.113011
0.871806
0.083356
0.073135
0.352123
0.921947
0.853051
0.705615
0.684727
0.064531
0.468112
0.442620
0.922536
