0.070058
0.074568
0.510946
0.463879
0.437534
0.118407
0.734484
0.426049
0.536423
0.827775
0.991609
0.988529
0.209374
0.128582
0.027538
0.027048
0.670757
0.448330
0.341476
0.183070
0.189396
0.097307
0.588454
0.543868
0.536137
0.464617
0.712126
0.489556
0.192444
0.500340
0.071498
0.765387
0.721162
0.993730
0.192734
0.004640
0.650824
0.082779
0.055909
0.863644
0.037903
0.333786
0.737149
0.745685
0.743681
0.977047
0.066768
0.211977
0.124075
0.052684
0.691289
0.373006
0.734340
0.567710
0.753736
0.084682
0.871292
0.789286
0.633771
0.678449
0.798982
0.549474
0.561249
0.367887
0.016075
0.135957
0.743395
0.485984
0.667055
0.969768
0.374781
0.283075
0.920762
0.278418
0.367009
0.646968
0.977093
0.321110
0.838663
0.421325
0.547747
0.959988
0.675122
0.236323
0.587647
0.307841
0.570401
0.233570
0.309452
0.223054
0.874027
0.390028
0.238715
0.159951
0.674605
0.955314
0.255536
0.752670
0.106691
0.894983
