0.509265
0.342927
0.952780
0.873913
0.987745
0.411339
0.524545
0.737149
0.029925
0.105473
0.460400
0.006522
0.517481
0.237346
0.946701
0.561249
0.688710
0.954501
0.610980
0.698131
0.190074
0.001928
0.368649
0.791671
0.395889
0.988559
0.383499
0.786002
0.083198
0.140056
0.248737
0.243773
0.592271
0.283172
0.808406
0.774193
0.190324
0.977047
0.086952
0.960744
0.305049
0.915934
0.722398
0.288629
0.809136
0.620589
0.704956
0.292260
0.912940
0.321913
0.167498
0.108230
0.296631
0.463745
0.222526
0.258897
0.347082
0.522988
0.656459
0.410524
0.743681
0.074982
0.876961
0.236792
0.249313
0.361828
0.668684
0.131175
0.380619
0.051074
0.903003
0.740240
0.403105
0.390028
0.940811
0.825850
0.461269
0.570693
0.929816
0.533925
0.000248
0.245303
0.546668
0.059962
0.989124
0.050615
0.652900
0.137067
0.558714
0.329632
0.955077
0.088015
0.879867
0.992660
0.012667
0.750038
0.350532
0.535495
0.283710
0.126920
