0.872035
0.665130
0.870317
0.382837
0.573388
0.315692
0.958807
0.017291
0.980168
0.918365
0.504725
0.809136
0.491346
0.822626
0.022241
0.040086
0.803210
0.764615
0.459132
0.061185
0.017843
0.609060
0.291861
0.254949
0.683103
0.558569
0.058953
0.439225
0.281176
0.965398
0.911690
0.323521
0.088034
0.290764
0.223216
0.192517
0.826685
0.444650
0.745113
0.087299
0.544513
0.857851
0.702903
0.152870
0.736214
0.089557
0.033871
0.016224
0.717014
0.784080
0.182896
0.076985
0.220222
0.599624
0.442227
0.593887
0.934672
0.328327
0.468583
0.017742
0.072235
0.322020
0.688046
0.874537
0.271682
0.491621
0.725374
0.343767
0.760037
0.501522
0.909360
0.963535
0.067490
0.794727
0.315006
0.690626
0.392952
0.319616
0.250869
0.457533
0.223420
0.064559
0.068660
0.504585
0.710518
0.107744
0.820227
0.598814
0.348663
0.534710
0.939863
0.876343
0.309660
0.600434
0.089594
0.372238
0.005247
0.189467
0.209877
0.628140
