0.452489
0.074394
0.076091
0.815987
0.605077
0.453482
0.516284
0.739809
0.131411
0.474124
0.837285
0.570547
0.873288
0.996411
0.331649
0.955885
0.797094
0.082205
0.396933
0.893618
0.676232
0.218417
0.893143
0.081273
0.619331
0.013261
0.119151
0.913658
0.994691
0.845921
0.150325
0.572149
0.883236
0.783462
0.569601
0.589407
0.644224
0.990802
0.881916
0.636513
0.709422
0.913562
0.086952
0.424386
0.092654
0.303711
0.133867
0.345506
0.548538
0.891767
0.367653
0.000888
0.053547
0.216703
0.191112
0.840411
0.829054
0.705469
0.402981
0.131175
0.687899
0.574190
0.468112
0.631844
0.132779
0.820941
0.775236
0.303917
0.935127
0.093994
0.209451
0.923032
0.705469
0.675270
0.504864
0.716722
0.689668
0.754659
0.496111
0.282441
0.837410
0.485230
0.125553
0.135607
0.859813
0.231010
0.334885
0.982936
0.186105
0.250557
0.183833
0.986109
0.446751
0.868936
0.365491
0.740599
0.506679
0.133176
0.927167
0.901687
