0.330340
0.053383
0.124125
0.897585
0.295319
0.082465
0.992071
0.568655
0.742607
0.737941
0.805080
0.687751
0.675418
0.873913
0.094326
0.972769
0.929816
0.692541
0.001764
0.803945
0.132938
0.255039
0.959639
0.574045
0.890863
0.688562
0.533498
0.297389
0.408771
0.127813
0.634883
0.990992
0.065260
0.896236
0.197738
0.786002
0.780015
0.369060
0.658905
0.577036
0.553727
0.198218
0.733547
0.239187
0.067621
0.282636
0.837285
0.554955
0.897015
0.429708
0.402299
0.849228
0.149504
0.046647
0.272013
0.140222
0.944825
0.167273
0.818404
0.570547
0.487768
0.643260
0.620589
0.153917
0.204397
0.469594
0.290665
0.183139
0.166375
0.275632
0.643408
0.509405
0.626214
0.541860
0.927649
0.587207
0.152038
0.525466
0.614673
0.063302
0.302275
0.411214
0.623327
0.639553
0.378945
0.384161
0.858923
0.967318
0.166631
0.932583
0.137067
0.665278
0.613861
0.953542
0.677193
0.213111
0.190002
0.088477
0.617704
0.709568
