0.337256
0.868936
0.810129
0.351099
0.279480
0.987340
0.606330
0.905311
0.289373
0.062350
0.162508
0.355950
0.601392
0.117905
0.508846
0.637773
0.568946
0.294565
0.714827
0.936278
0.664833
0.372238
0.183590
0.597858
0.980396
0.156088
0.478130
0.534852
0.946292
0.190324
0.264790
0.833187
0.425793
0.673495
0.069565
0.895662
0.107172
0.210458
0.801602
0.221109
0.087153
0.251851
0.932119
0.427010
0.205537
0.856956
0.407834
0.681700
0.312377
0.072933
0.917761
0.599477
0.943836
0.733547
0.606994
0.018076
0.581129
0.733691
0.467708
0.504097
0.283905
0.375968
0.066423
0.340751
0.239746
0.110937
0.568655
0.700041
0.946366
0.172056
0.389785
0.539998
0.261877
0.567055
0.051833
0.601097
0.332963
0.586401
0.406462
0.388450
0.674753
0.368532
0.066984
0.089557
0.575941
0.844442
0.458266
0.068219
0.572295
0.659202
0.924870
0.452224
0.053676
0.829054
0.144629
0.853293
0.263863
0.322502
0.975631
0.297288
