0.889581
0.021355
0.275919
0.617704
0.963535
0.922942
0.903457
0.788535
0.479015
0.299265
0.278032
0.317173
0.133920
0.911062
0.987944
0.183278
0.551852
0.452489
0.557774
0.128917
0.091847
0.136959
0.834136
0.985857
0.133044
0.608913
0.699747
0.713878
0.334280
0.954874
0.366776
0.905510
0.094719
0.537351
0.804079
0.538424
0.785728
0.585595
0.560959
0.646152
0.344664
0.154007
0.871692
0.787646
0.676527
0.916639
0.478538
0.833061
0.989096
0.340863
0.265580
0.393624
0.183070
0.869685
0.292610
0.766440
0.222688
0.139145
0.733258
0.060158
0.355091
0.069015
0.913467
0.597416
0.245040
0.112966
0.638144
0.980970
0.729936
0.750963
0.117929
0.491208
0.539353
0.063329
0.614156
0.605077
0.646820
0.369177
0.126539
0.384944
0.320309
0.086316
0.117429
0.364733
0.175609
0.921446
0.405403
0.204056
0.574190
0.413413
0.393991
0.278756
0.916122
0.636365
0.519949
0.897792
0.119827
0.576087
0.918968
0.778563
