0.522847
0.256895
0.502774
0.269840
0.399333
0.789559
0.157673
0.415052
0.050325
0.096185
0.572295
0.215474
0.348663
0.979344
0.564876
0.804813
0.072359
0.826813
0.245960
0.181481
0.392403
0.412847
0.700188
0.802206
0.792963
0.948067
0.493139
0.537995
0.288927
0.193458
0.407272
0.344159
0.313637
0.965398
0.899800
0.604266
0.126210
0.970410
0.687456
0.932583
0.495211
0.440073
0.217698
0.110598
0.269041
0.928866
0.170711
0.197812
0.437989
0.081945
0.525466
0.102040
0.352465
0.341587
0.702756
0.624956
0.879143
0.970010
0.834136
0.910626
0.911787
0.314058
0.608248
0.098360
0.254949
0.706567
0.193603
0.258669
0.601539
0.462606
0.887376
0.685686
0.595651
0.038985
0.891448
0.525325
0.483587
0.740096
0.919660
0.877803
0.429965
0.971824
0.458399
0.513542
0.345618
0.769171
0.354576
0.275536
0.719708
0.792215
0.705762
0.194548
0.691731
0.069953
0.043006
0.554955
0.476634
0.638144
0.819121
0.683768
