0.682291
0.705322
0.210303
0.153408
0.193929
0.327514
0.556544
0.086479
0.854618
0.191868
0.069923
0.305616
0.097126
0.126362
0.911062
0.103648
0.327189
0.971487
0.177357
0.369941
0.468853
0.462138
0.624956
0.241256
0.471485
0.786619
0.923032
0.075238
0.382837
0.360844
0.920762
0.544657
0.246355
0.287986
0.239101
0.211392
0.308204
0.224562
0.541072
0.651640
0.612900
0.956185
0.903557
0.148366
0.193748
0.109654
0.647932
0.968653
0.572441
0.280303
0.416252
0.697837
0.697028
0.877691
0.293261
0.209722
0.040812
0.295773
0.583983
0.770988
0.301917
0.847761
0.758483
0.730876
0.008869
0.656607
0.843763
0.027361
0.521645
0.226860
0.891076
0.160696
0.823466
0.367653
0.760037
0.805813
0.127864
0.395889
0.837410
0.937336
0.617409
0.479151
0.323199
0.451894
0.465624
0.690626
0.446619
0.653716
0.565166
0.119972
0.506679
0.618370
0.002190
0.396258
0.076561
0.748042
0.868416
0.162225
0.643779
0.411088
