0.105733
0.570547
0.143636
0.126971
0.059715
0.997290
0.273247
0.872662
0.670905
0.852387
0.258988
0.129200
0.651936
0.954125
0.263677
0.518116
0.233739
0.985739
0.185404
0.631696
0.361076
0.156149
0.677045
0.802474
0.284346
0.230926
0.810261
0.215751
0.762786
0.345000
0.043074
0.927079
0.842958
0.272203
0.453482
0.577036
0.193603
0.742464
0.491621
0.155755
0.091027
0.758341
0.561249
0.552789
0.471485
0.335325
0.995339
0.790923
0.088867
0.430223
0.286457
0.540642
0.927649
0.328707
0.751746
0.232015
0.000398
0.900924
0.456070
0.085738
0.579082
0.839476
0.550771
0.606035
0.900260
0.103648
0.416947
0.588454
0.951801
0.050292
0.392159
0.230551
0.551996
0.736214
0.814150
0.747114
0.872548
0.723051
0.959575
0.137611
0.256034
0.971043
0.866039
0.276255
0.288828
0.759119
0.624141
0.764755
0.113057
0.377752
0.495211
0.743538
0.020906
0.815856
0.180075
0.775236
0.784355
0.027921
0.249801
0.150266
