0.158224
0.035733
0.987372
0.065896
0.803945
0.214802
0.734340
0.015212
0.768122
0.693203
0.973744
0.779601
0.427331
0.697322
0.050248
0.982688
0.228637
0.292810
0.933045
0.265766
0.528872
0.944408
0.532714
0.322609
0.939942
0.360324
0.751888
0.057632
0.330503
0.427010
0.165672
0.210381
0.179120
0.041981
0.697175
0.876343
0.905411
0.228389
0.256532
0.176045
0.653567
0.638589
0.248162
0.554810
0.467237
0.214448
0.105885
0.593225
0.455804
0.059793
0.608913
0.923797
0.639924
0.094425
0.314426
0.820227
0.923213
0.472093
0.651640
0.806679
0.765528
0.729936
0.364733
0.583544
0.879867
0.602202
0.749111
0.293160
0.450638
0.693350
0.681848
0.927649
0.260361
0.950953
0.757917
0.652455
0.463611
0.682808
0.429258
0.832490
0.634586
0.579082
0.420117
0.416820
0.957475
0.394113
0.937417
0.351497
0.949557
0.014724
0.027073
0.365083
0.384401
0.716868
0.906901
0.920258
0.273961
0.001132
0.260682
0.863527
