0.765247
0.146344
0.536280
0.430803
0.480787
0.610168
0.468583
0.032409
0.521009
0.256532
0.978740
0.482699
0.950882
0.554521
0.470202
0.695411
0.079271
0.506818
0.862235
0.183139
0.314689
0.646152
0.510456
0.291611
0.749111
0.742464
0.871920
0.548394
0.512910
0.979387
0.884660
0.579228
0.929816
0.407147
0.679262
0.010807
0.913658
0.156818
0.121873
0.938987
0.896444
0.209026
0.252030
0.778840
0.251047
0.340139
0.524404
0.586254
0.169439
0.658386
0.479900
0.375968
0.435003
0.547459
0.096825
0.320416
0.054078
0.098421
0.041971
0.506399
0.694160
0.877579
0.775097
0.598520
0.107348
0.028960
0.039117
0.061425
0.890383
0.095153
0.778079
0.070344
0.699894
0.015490
0.009015
0.434161
0.676527
0.951484
0.020165
0.912413
0.720653
0.451894
0.257394
0.339417
0.584496
0.868820
0.453350
0.876231
0.499437
0.233570
0.150501
0.464348
0.343935
0.632511
0.270453
0.894406
0.739953
0.923617
0.408771
0.522705
