0.104718
0.003444
0.088867
0.828095
0.318446
0.713878
0.195973
0.917341
0.045188
0.425665
0.574045
0.710226
0.173875
0.113518
0.341141
0.401618
0.961212
0.989435
0.778979
0.778079
0.427331
0.829181
0.579740
0.562046
0.446619
0.457267
0.182620
0.619331
0.548107
0.041821
0.563279
0.339306
0.800596
0.056523
0.756643
0.311592
0.489556
0.727113
0.552284
0.491621
0.285719
0.571348
0.474734
0.247324
0.070013
0.455207
0.138130
0.954501
0.305152
0.177796
0.279383
0.148920
0.547315
0.871920
0.338696
0.890863
0.282441
0.679927
0.707665
0.149826
0.214015
0.554810
0.609872
0.260774
0.520232
0.955010
0.021455
0.943338
0.972107
0.879032
0.460133
0.922626
0.377633
0.025202
0.522705
0.164368
0.040457
0.367360
0.403353
0.948140
0.174507
0.183799
0.622365
0.955885
0.441770
0.094170
0.499160
0.093448
0.239832
0.977342
0.137475
0.577986
0.475751
0.059210
0.293912
0.661277
0.809003
0.224807
0.236706
0.574190
