0.174141
0.868185
0.828351
0.007875
0.608396
0.875385
0.087062
0.352123
0.790037
0.225258
0.197332
0.087226
0.847516
0.933129
0.944408
0.419291
0.072700
0.837410
0.107348
0.591977
0.157214
0.553583
0.204890
0.387420
0.506818
0.515651
0.690331
0.103691
0.974963
0.735133
0.871806
0.178169
0.497911
0.696367
0.961212
0.860701
0.268947
0.669647
0.493139
0.214960
0.568000
0.919568
0.818404
0.203905
0.420816
0.785728
0.256713
0.438379
0.949701
0.097006
0.057281
0.688857
0.752955
0.524829
0.886672
0.164368
0.967990
0.533141
0.370706
0.687604
0.743825
0.129873
0.918968
0.928780
0.528375
0.374307
0.018625
0.326702
0.124675
0.496872
0.571202
0.964252
0.480923
0.486121
0.104804
0.303044
0.117738
0.373124
0.017088
0.116718
0.362060
0.050248
0.019972
0.516566
0.600876
0.164781
0.969768
0.511858
0.646300
0.103138
0.767211
0.561394
0.263677
0.518116
0.147786
0.918273
0.377097
0.487151
0.623475
0.658238
