0.965398
0.711980
0.799722
0.555894
0.946292
0.500062
0.724140
0.857613
0.817687
0.239187
0.624586
0.318818
0.219298
0.685686
0.283905
0.692246
0.187550
0.665796
0.690626
0.622365
0.421197
0.815004
0.048610
0.660165
0.540141
0.832617
0.117429
0.255446
0.370059
0.923617
0.351611
0.052280
0.357557
0.580690
0.166856
0.624437
0.890276
0.234373
0.928606
0.994336
0.774332
0.748826
0.703856
0.073276
0.401495
0.862764
0.395583
0.070239
0.904761
0.113518
0.701802
0.881805
0.082396
0.393869
0.048213
0.594034
0.058531
0.901687
0.412973
0.201457
0.425793
0.761095
0.086516
0.108851
0.511087
0.252611
0.472364
0.703856
0.144742
0.888293
0.846597
0.906058
0.541215
0.793981
0.360844
0.311016
0.123851
0.957113
0.873516
0.780361
0.177864
0.363337
0.846167
0.415178
0.728055
0.811582
0.278659
0.453482
0.490450
0.425665
0.631696
0.548107
0.748327
0.591977
0.399087
0.975583
0.169309
0.455207
0.404284
0.473108
