0.524262
0.821071
0.404408
0.547459
0.084878
0.938386
0.606478
0.229301
0.938987
0.275011
0.191724
0.081308
0.352123
0.082101
0.368004
0.968708
0.724431
0.472093
0.558714
0.219458
0.185264
0.790309
0.752955
0.807277
0.477246
0.960869
0.321913
0.904861
0.606330
0.682808
0.094857
0.719417
0.390575
0.083990
0.538281
0.435975
0.871692
0.922626
0.131516
0.495834
0.825850
0.834262
0.206453
0.027279
0.611792
0.235007
0.810856
0.568509
0.554016
0.396687
0.061892
0.203905
0.190396
0.218417
0.331649
0.543724
0.725374
0.162225
0.887592
0.275297
0.705908
0.083497
0.479151
0.101726
0.466228
0.022522
0.824047
0.732609
0.184949
0.629918
0.952257
0.969064
0.529156
0.405777
0.322716
0.363628
0.189396
0.071958
0.253688
0.081755
0.240867
0.466363
0.471214
0.817426
0.800864
0.656162
0.491346
0.256124
0.814413
0.405092
0.886076
0.089707
0.791331
0.216782
0.679927
0.492656
0.839600
0.293912
0.124399
0.305049
