0.789150
0.283710
0.434161
0.506818
0.456934
0.807543
0.735133
0.778079
0.500201
0.833314
0.369295
0.874763
0.327297
0.697984
0.165608
0.391488
0.032780
0.001765
0.573243
0.009625
0.167273
0.370176
0.586547
0.616891
0.248958
0.377633
0.575795
0.905411
0.099752
0.005206
0.698792
0.953162
0.087354
0.868185
0.803945
0.113518
0.132015
0.281273
0.616447
0.333347
0.158624
0.977635
0.991765
0.461135
0.531005
0.955751
0.621551
0.009634
0.676232
0.145484
0.847639
0.275011
0.998757
0.444191
0.735133
0.685981
0.746328
0.488799
0.440660
0.286999
0.857613
0.414484
0.465489
0.165321
0.867549
0.949087
0.911159
0.507447
0.913658
0.904110
0.632363
0.929169
0.215395
0.186844
0.980437
0.089669
0.269229
0.253778
0.019610
0.781533
0.321913
0.893723
0.829181
0.380738
0.053924
0.440660
0.005384
0.937255
0.036386
0.402671
0.376503
0.065953
0.538567
0.106647
0.730731
0.481060
0.989096
0.155634
0.019458
0.835650
