0.762645
0.305049
0.400012
0.777802
0.362350
0.771895
0.311382
0.491483
0.838225
0.561249
0.535495
0.937862
0.109766
0.740742
0.433320
0.946292
0.075962
0.073652
0.455339
0.393991
0.821784
0.403477
0.938305
0.959988
0.362698
0.220947
0.653716
0.839476
0.778702
0.204701
0.767211
0.404160
0.429258
0.153079
0.390575
0.718762
0.355721
0.670461
0.543294
0.277888
0.426625
0.376087
0.028874
0.972769
0.872320
0.576087
0.412030
0.957900
0.842028
0.123602
0.532571
0.237902
0.680223
0.587354
0.095489
0.642444
0.734484
0.309452
0.766159
0.078952
0.900158
0.103733
0.557340
0.786619
0.295974
0.241645
0.082814
0.923032
0.827262
0.453350
0.943836
0.263585
0.665944
0.858506
0.445897
0.300742
0.229842
0.210226
0.856179
0.397179
0.748969
0.339084
0.628140
0.936727
0.052962
0.775097
0.209877
0.987372
0.025179
0.545591
0.416125
0.269652
0.673791
0.455804
0.705469
0.853836
0.616595
0.687604
0.753878
0.435846
