0.401866
0.645188
0.818535
0.754517
0.587500
0.546668
0.471485
0.690478
0.437144
0.844442
0.271398
0.879032
0.721453
0.619331
0.589114
0.244559
0.512770
0.034002
0.098421
0.127378
0.557484
0.839038
0.573534
0.849898
0.273247
0.565675
0.590068
0.260361
0.915509
0.030256
0.497011
0.906604
0.008188
0.412030
0.580690
0.897689
0.665796
0.148105
0.996472
0.366133
0.812571
0.397978
0.622069
0.038757
0.003491
0.122735
0.185264
0.869685
0.649563
0.317279
0.319616
0.981414
0.284444
0.225258
0.236792
0.910626
0.904010
0.624956
0.791807
0.519173
0.783186
0.564077
0.424961
0.286556
0.451761
0.563787
0.317067
0.874989
0.046265
0.360208
0.180520
0.517481
0.156605
0.319723
0.144118
0.360324
0.265999
0.362582
0.918968
0.273152
0.628955
0.100103
0.529156
0.789423
0.457533
0.743681
0.284983
0.454344
0.324812
0.112073
0.425921
0.237602
0.451034
0.149182
0.820357
0.270170
0.570693
0.135446
0.242642
0.227396
