0.550915
0.921355
0.181034
0.418593
0.906802
0.428422
0.307530
0.468718
0.552789
0.001902
0.766300
0.118718
0.082101
0.669943
0.585301
0.969009
0.433062
0.397855
0.406586
0.792827
0.932034
0.010664
0.856179
0.161350
0.687899
0.643260
0.124675
0.212250
0.333456
0.527026
0.154909
0.702463
0.071866
0.547315
0.468988
0.045118
0.708324
0.884059
0.146919
0.410649
0.369295
0.069490
0.556978
0.095410
0.181791
0.702756
0.004380
0.734340
0.813164
0.231847
0.529156
0.104246
0.531930
0.820227
0.642296
0.102461
0.357212
0.813427
0.739953
0.901026
0.544657
0.406711
0.929988
0.220061
0.115330
0.839725
0.194002
0.707665
0.763701
0.999282
0.009287
0.888777
0.681848
0.191724
0.941399
0.929902
0.075366
0.713075
0.710372
0.978740
0.535495
0.994233
0.099382
0.243904
0.600729
0.432480
0.585448
0.605371
0.918458
0.657571
0.364209
0.756502
0.997290
0.585741
0.276542
0.122513
0.727258
0.603307
0.048288
0.678449
