0.895662
0.035363
0.728995
0.329305
0.741675
0.161350
0.142903
0.603307
0.181412
0.309556
0.475751
0.039029
0.240478
0.175308
0.352351
0.409334
0.291113
0.646820
0.161038
0.625104
0.521150
0.100330
0.083955
0.542792
0.205880
0.660980
0.089146
0.290416
0.720799
0.858506
0.912940
0.490726
0.855279
0.018303
0.991942
0.394541
0.989096
0.315586
0.885586
0.209142
0.646300
0.755297
0.462740
0.814413
0.854378
0.502774
0.356237
0.719562
0.456203
0.118001
0.378289
0.262384
0.315692
0.647635
0.240220
0.704516
0.925359
0.592271
0.259400
0.388450
0.094719
0.438835
0.339306
0.221999
0.229468
0.283172
0.927736
0.411339
0.735133
0.580983
0.886781
0.902801
0.528091
0.303044
0.325513
0.443798
0.735421
0.380499
0.976796
0.634438
0.427587
0.184879
0.777040
0.574190
0.868301
0.058761
0.281905
0.289472
0.805680
0.431641
0.974285
0.322020
0.068146
0.011622
0.258304
0.618814
0.845798
0.351725
0.188542
0.091103
