0.393319
0.840287
0.943338
0.772522
0.201532
0.057657
0.368532
0.332963
0.300283
0.659053
0.448330
0.821784
0.299825
0.027729
0.296631
0.120287
0.347589
0.643112
0.963144
0.906901
0.138486
0.904861
0.095113
0.028290
0.222363
0.058902
0.613861
0.539067
0.834831
0.742750
0.347307
0.226325
0.515792
0.189396
0.380200
0.276255
0.884769
0.810129
0.688562
0.924959
0.763842
0.462606
0.819121
0.965398
0.551059
0.699894
0.955449
0.429129
0.370823
0.756360
0.993750
0.501104
0.255446
0.402795
0.768892
0.211899
0.566765
0.553583
0.577036
0.913658
0.816707
0.306184
0.563787
0.075994
0.553872
0.797836
0.095291
0.189004
0.146286
0.416125
0.789150
0.221270
0.310546
0.599624
0.677193
0.598005
0.403229
0.728344
0.035838
0.496111
0.276974
0.333566
0.788671
0.839850
0.533783
0.579740
0.281565
0.780775
0.548394
0.351725
0.123428
0.671719
0.918365
0.905610
0.535495
0.513402
0.122958
0.845921
0.367653
0.348549
