0.499437
0.673791
0.405901
0.532714
0.560452
0.473988
0.594842
0.055349
0.133282
0.049674
0.660980
0.881805
0.966523
0.834136
0.824176
0.232644
0.958678
0.060880
0.670757
0.649563
0.353719
0.749895
0.277695
0.028900
0.650157
0.513542
0.785728
0.186633
0.053114
0.407023
0.401185
0.918365
0.791059
0.287739
0.488799
0.680075
0.880588
0.664167
0.919660
0.915509
0.563134
0.763419
0.538424
0.201682
0.695263
0.104161
0.493415
0.035806
0.253868
0.385185
0.599624
0.439095
0.455339
0.187232
0.049390
0.353605
0.228679
0.432351
0.658090
0.016716
0.538924
0.310338
0.344271
0.770848
0.312954
0.769940
0.237517
0.011751
0.265813
0.384522
0.857494
0.538138
0.192192
0.136362
0.705469
0.730586
0.211470
0.166375
0.626214
0.663722
0.160354
0.550122
0.963144
0.443209
0.128813
0.942914
0.731526
0.173013
0.795471
0.308671
0.286900
0.900822
0.927079
0.848312
0.725229
0.638292
0.623623
0.753452
0.911883
0.371353
