0.774332
0.059624
0.668018
0.130836
0.443339
0.694601
0.405901
0.438965
0.580836
0.516425
0.202998
0.279287
0.096265
0.117381
0.754375
0.226942
0.290018
0.318446
0.138788
0.111913
0.862235
0.307271
0.078819
0.574482
0.596460
0.391123
0.329196
0.258897
0.942412
0.979301
0.521150
0.291312
0.435003
0.521927
0.444912
0.876343
0.425089
0.490726
0.720362
0.004804
0.907888
0.789696
0.009092
0.003312
0.514596
0.283807
0.107744
0.421070
0.247985
0.053972
0.065712
0.211314
0.258669
0.843515
0.774471
0.800596
0.034949
0.416252
0.331923
0.200410
0.172221
0.953231
0.146718
0.700188
0.354976
0.351611
0.026486
0.425793
0.501243
0.370059
0.772522
0.799856
0.235134
0.676527
0.320629
0.068278
0.229218
0.524545
0.000039
0.017885
0.105516
0.255130
0.191508
0.501243
0.124350
0.942489
0.975179
0.076805
0.307167
0.554810
0.765247
0.064615
0.487151
0.754375
0.896912
0.087153
0.223054
0.097227
0.888991
0.996742
