0.635550
0.878418
0.481947
0.289373
0.069460
0.207871
0.232099
0.032350
0.027167
0.231721
0.022691
0.451034
0.442358
0.706567
0.822367
0.024403
0.460267
0.920166
0.676527
0.189859
0.055434
0.529441
0.962811
0.980930
0.280012
0.861469
0.513823
0.345956
0.005709
0.323683
0.266279
0.787646
0.400135
0.530863
0.445765
0.263492
0.167627
0.510456
0.212915
0.376741
0.774332
0.844442
0.713367
0.467708
0.879867
0.779739
0.330612
0.888185
0.298402
0.053771
0.647116
0.430352
0.373775
0.306494
0.943836
0.561104
0.611127
0.656162
0.117524
0.327297
0.356351
0.729646
0.803076
0.330013
0.992221
0.337256
0.496872
0.750323
0.954942
0.493415
0.805947
0.826685
0.834010
0.594842
0.397056
0.026376
0.002246
0.842276
0.047756
0.376978
0.159209
0.953988
0.587500
0.516425
0.074568
0.029939
0.966893
0.459266
0.588307
0.968295
0.890276
0.401990
0.842152
0.717815
0.803076
0.306184
0.788398
0.929342
0.415304
0.895662
