0.651640
0.252835
0.941829
0.832363
0.857076
0.174440
0.013924
0.459866
0.884660
0.473108
0.144004
0.775097
0.759896
0.811714
0.324489
0.345394
0.562989
0.685981
0.268618
0.373360
0.160137
0.804947
0.891767
0.359573
0.160540
0.739953
0.998283
0.688562
0.320043
0.102736
0.338252
0.063618
0.546237
0.210303
0.976496
0.979022
0.252611
0.396135
0.429000
0.238372
0.011034
0.239101
0.992922
0.933757
0.620589
0.194876
0.634438
0.833187
0.070254
0.699894
0.591463
0.919476
0.484614
0.347195
0.887376
0.259171
0.520373
0.955751
0.931865
0.098503
0.458399
0.093740
0.465355
0.897585
0.987975
0.227768
0.373242
0.158809
0.971435
0.318233
0.858506
0.858387
0.987167
0.367653
0.698939
0.405528
0.675566
0.443798
0.484614
0.171137
0.981673
0.742894
0.089164
0.313059
0.863762
0.785865
0.400938
0.451761
0.948615
0.846842
0.630585
0.618666
0.325298
0.611127
0.166375
0.278225
0.700041
0.201607
0.702463
0.811978
