0.154517
0.896340
0.400135
0.715921
0.219458
0.613861
0.126590
0.689373
0.094798
0.183833
0.992198
0.573534
0.535495
0.653716
0.165321
0.423428
0.177054
0.150501
0.319723
0.175944
0.415178
0.467573
0.270689
0.246355
0.047482
0.760813
0.585741
0.307841
0.478130
0.633919
0.965019
0.370823
0.631029
0.554810
0.425665
0.156605
0.155483
0.547603
0.549330
0.905311
0.681035
0.115424
0.071958
0.795471
0.477654
0.979344
0.552933
0.107744
0.819382
0.143325
0.399765
0.881916
0.181344
0.391610
0.936196
0.957113
0.984377
0.082014
0.151534
0.917854
0.935827
0.870317
0.697984
0.511227
0.776416
0.627177
0.033565
0.949160
0.864289
0.066395
0.034118
0.946366
0.330231
0.745399
0.506399
0.084611
0.816707
0.659350
0.330940
0.946850
0.293261
0.631029
0.012465
0.034578
0.497773
0.160882
0.190324
0.454344
0.591830
0.989309
0.590215
0.186386
0.001103
0.351497
0.004925
0.794727
0.016301
0.086916
0.567564
0.132542
