0.236664
0.838788
0.832617
0.795471
0.085307
0.482972
0.424961
0.275297
0.340139
0.022533
0.627029
0.179938
0.090214
0.496457
0.334885
0.399703
0.958742
0.200074
0.602055
0.898257
0.386090
0.339417
0.861351
0.068029
0.841904
0.240867
0.771895
0.851357
0.871692
0.697322
0.716868
0.902801
0.358708
0.285523
0.823595
0.236962
0.904861
0.046782
0.089239
0.012189
0.213857
0.889581
0.963475
0.362814
0.410399
0.414358
0.206797
0.214015
0.388086
0.407959
0.628807
0.983629
0.207103
0.875611
0.301508
0.327297
0.643928
0.217539
0.771755
0.334170
0.473988
0.704809
0.968045
0.542792
0.227231
0.517200
0.591169
0.346856
0.931015
0.054495
0.890063
0.510176
0.859398
0.065288
0.084220
0.991942
0.013289
0.594181
0.955381
0.612088
0.511718
0.120603
0.208371
0.652752
0.760813
0.926596
0.479900
0.494935
0.518539
0.525608
0.900924
0.955449
0.677045
0.061425
0.287739
0.179052
0.167692
0.546525
0.389664
0.540785
