0.394909
0.074711
0.211158
0.052765
0.568655
0.610020
0.185334
0.675566
0.721308
0.408209
0.104718
0.180828
0.186175
0.695263
0.652604
0.012615
0.855279
0.747256
0.459399
0.268008
0.841220
0.927079
0.828351
0.510456
0.449780
0.947257
0.657423
0.183278
0.190718
0.414484
0.175676
0.581129
0.936278
0.665796
0.407959
0.444322
0.962415
0.471485
0.184112
0.463611
0.602349
0.513542
0.121824
0.056178
0.467237
0.542361
0.785591
0.151534
0.571202
0.434744
0.916545
0.706714
0.987167
0.414043
0.282441
0.129200
0.182239
0.502008
0.732465
0.207027
0.138322
0.602644
0.859813
0.527168
0.153468
0.813295
0.801602
0.299164
0.872662
0.186105
0.371236
0.980664
0.297085
0.322716
0.424386
0.530081
0.230843
0.946366
0.118886
0.033956
0.168531
0.532714
0.905411
0.659053
0.065896
0.769801
0.969714
0.445503
0.513051
0.929988
0.075366
0.361944
0.811978
0.755297
0.091771
0.293060
0.463745
0.102145
0.113564
0.449318
