0.407959
0.843763
0.851599
0.976496
0.171137
0.488662
0.030660
0.695925
0.352465
0.910432
0.497496
0.134320
0.735421
0.656607
0.063590
0.804813
0.082396
0.129873
0.278225
0.957179
0.526530
0.889474
0.784836
0.377633
0.529014
0.744612
0.134962
0.311801
0.420244
0.476362
0.680888
0.371589
0.319350
0.095668
0.937862
0.563279
0.163862
0.718762
0.322395
0.703563
0.331049
0.449186
0.058314
0.425089
0.352237
0.012399
0.340863
0.863762
0.692246
0.673347
0.228140
0.366016
0.833187
0.603307
0.764755
0.427587
0.890863
0.582885
0.706421
0.968045
0.878306
0.306287
0.927079
0.454941
0.306494
0.970410
0.160540
0.613861
0.555460
0.810129
0.670609
0.712272
0.216504
0.678597
0.319031
0.149299
0.975890
0.391610
0.192481
0.089875
0.439095
0.245390
0.074648
0.621255
0.876231
0.692393
0.743681
0.283075
0.406462
0.136417
0.052707
0.308412
0.331049
0.044708
0.042348
0.462740
0.149182
0.018815
0.299062
0.570838
