0.884168
0.637773
0.845921
0.218657
0.934838
0.638292
0.999679
0.945317
0.591977
0.475616
0.977635
0.587500
0.909262
0.672681
0.150707
0.363221
0.360960
0.711980
0.066610
0.385547
0.747542
0.335931
0.847761
0.221553
0.330612
0.053055
0.059793
0.984106
0.126920
0.811582
0.594034
0.876849
0.158932
0.857076
0.296631
0.693498
0.435975
0.287739
0.742105
0.354233
0.150560
0.794456
0.756360
0.701802
0.704369
0.768262
0.053441
0.451497
0.133521
0.982185
0.701949
0.146487
0.816837
0.924959
0.543581
0.382717
0.485367
0.915934
0.800596
0.630585
0.421643
0.573388
0.207180
0.652604
0.731959
0.633771
0.551059
0.254769
0.090365
0.141864
0.282441
0.160976
0.207372
0.740096
0.207027
0.591169
0.572295
0.259674
0.583983
0.368004
0.249313
0.657571
0.714024
0.464348
0.011258
0.872548
0.709568
0.784218
0.906604
0.238801
0.928693
0.722543
0.750038
0.162979
0.320416
0.105278
0.420117
0.283612
0.129097
0.896340
