0.993198
0.350986
0.154457
0.824305
0.146028
0.927736
0.923032
0.092944
0.481537
0.107128
0.969363
0.213936
0.407147
0.735277
0.052811
0.383860
0.697175
0.339917
0.095054
0.342201
0.601539
0.289670
0.133920
0.519173
0.324705
0.336317
0.842834
0.865690
0.774471
0.316855
0.905510
0.204132
0.821071
0.813164
0.583983
0.495211
0.593887
0.557774
0.234838
0.983869
0.495695
0.618518
0.589407
0.628955
0.364093
0.916028
0.587207
0.024466
0.305410
0.402547
0.850020
0.567055
0.830266
0.584642
0.783049
0.010126
0.847639
0.557484
0.832363
0.451034
0.272820
0.654828
0.883456
0.196596
0.104718
0.026273
0.740599
0.632659
0.611792
0.929342
0.590875
0.290764
0.735421
0.771895
0.659053
0.363337
0.510456
0.717961
0.948213
0.282733
0.629918
0.868936
0.694160
0.053418
0.350759
0.810129
0.543078
0.412596
0.628955
0.493415
0.457067
0.556400
0.406586
0.039117
0.274152
0.245303
0.417200
0.957540
0.022386
0.774610
