0.943491
0.166311
0.641036
0.356925
0.924780
0.873288
0.634586
0.568800
0.658386
0.099979
0.654531
0.847516
0.657274
0.265394
0.654680
0.574045
0.631400
0.109141
0.158286
0.676380
0.348549
0.405777
0.655495
0.444650
0.940811
0.628807
0.484614
0.919660
0.132938
0.260866
0.268430
0.999438
0.412030
0.955885
0.341476
0.411214
0.236408
0.131516
0.928693
0.346350
0.258578
0.064615
0.191976
0.147612
0.813295
0.417770
0.231931
0.675418
0.134320
0.146545
0.875498
0.815987
0.268337
0.128069
0.649712
0.229301
0.186633
0.898463
0.291960
0.165608
0.792215
0.698278
0.804947
0.514456
0.881197
0.901687
0.478402
0.258806
0.323199
0.533498
0.838913
0.591169
0.132832
0.863117
0.483724
0.420689
0.544801
0.378170
0.484956
0.919060
0.384401
0.699233
0.450308
0.412973
0.019610
0.384281
0.243686
0.971383
0.862352
0.133628
0.133468
0.999131
0.254363
0.652752
0.998009
0.152097
0.495695
0.775513
0.912509
0.313059
