0.078452
0.505631
0.350532
0.363860
0.535637
0.655347
0.454477
0.023617
0.231554
0.261647
0.420371
0.142762
0.880477
0.209297
0.824885
0.463343
0.617556
0.352351
0.508076
0.363977
0.882632
0.317862
0.518257
0.781396
0.420117
0.955381
0.339306
0.731815
0.454344
0.969768
0.936645
0.591169
0.823337
0.341699
0.384944
0.094248
0.672681
0.988720
0.077411
0.676380
0.567855
0.421516
0.998275
0.842152
0.238372
0.918365
0.128299
0.337035
0.159333
0.311801
0.724140
0.296328
0.532714
0.443929
0.359573
0.092809
0.494451
0.786893
0.623993
0.603602
0.022173
0.280545
0.172287
0.106320
0.064018
0.366133
0.842152
0.623623
0.871806
0.988559
0.417896
0.497634
0.780361
0.121775
0.894511
0.648748
0.937255
0.322502
0.308983
0.494796
0.830011
0.595504
0.435846
0.444191
0.134614
0.669499
0.096225
0.581129
0.325513
0.665796
0.602497
0.713878
0.914277
0.520585
0.083690
0.541072
0.872662
0.508636
0.332142
0.862117
