0.236408
0.133070
0.456203
0.854378
0.009145
0.755297
0.072066
0.631548
0.138322
0.656459
0.419990
0.178000
0.229468
0.429129
0.975890
0.049751
0.458666
0.894878
0.065161
0.250869
0.656162
0.520726
0.234584
0.542648
0.967934
0.539854
0.141976
0.770709
0.520726
0.528233
0.903457
0.919568
0.192589
0.005294
0.319031
0.035419
0.774193
0.287641
0.342704
0.410649
0.780637
0.450176
0.572587
0.595945
0.871806
0.216187
0.046668
0.845244
0.975274
0.671571
0.122785
0.774471
0.396258
0.630881
0.793981
0.458666
0.658238
0.861351
0.994004
0.525608
0.278852
0.651788
0.385849
0.064490
0.779877
0.552501
0.343039
0.010483
0.971720
0.033748
0.123702
0.053359
0.570256
0.696220
0.852266
0.502913
0.186175
0.705615
0.751746
0.536423
0.476770
0.243033
0.399580
0.460868
0.874027
0.053289
0.528233
0.904210
0.105473
0.986992
0.611940
0.614008
0.574190
0.668832
0.335601
0.473853
0.152513
0.602644
0.644076
0.307322
