0.393074
0.923032
0.402671
0.865690
0.252791
0.530365
0.352123
0.529938
0.981454
0.030145
0.535637
0.499299
0.464214
0.843515
0.040104
0.900260
0.981153
0.290963
0.930930
0.183278
0.912509
0.383499
0.150383
0.344495
0.153617
0.834957
0.139917
0.678006
0.125705
0.523625
0.163389
0.562844
0.576890
0.180897
0.353833
0.649044
0.156088
0.063687
0.445043
0.073276
0.039293
0.237902
0.260269
0.018360
0.052199
0.264094
0.507447
0.190324
0.019730
0.253688
0.734340
0.276351
0.638144
0.486259
0.556833
0.696367
0.490313
0.412030
0.394541
0.540642
0.030388
0.127353
0.519949
0.522069
0.411339
0.862235
0.551852
0.602644
0.270359
0.173444
0.701142
0.874027
0.148105
0.396012
0.063152
0.589261
0.180314
0.973371
0.365841
0.203224
0.932034
0.865165
0.325513
0.649563
0.704662
0.115167
0.496872
0.556400
0.083761
0.453482
0.188613
0.723995
0.530223
0.010621
0.373538
0.186035
0.110982
0.453217
0.529938
0.372888
