0.664167
0.738372
0.492380
0.438965
0.331540
0.338086
0.407147
0.538567
0.238887
0.647116
0.752812
0.290665
0.957047
0.021973
0.230217
0.388996
0.040612
0.700555
0.368297
0.404843
0.440790
0.195899
0.506679
0.309087
0.807676
0.412281
0.739019
0.284003
0.487288
0.342704
0.589407
0.941984
0.866795
0.269135
0.654680
0.663203
0.856837
0.472972
0.015675
0.076204
0.888077
0.111640
0.369941
0.252791
0.974649
0.624289
0.144373
0.221634
0.860583
0.296075
0.144742
0.159147
0.335105
0.627177
0.425665
0.716868
0.595136
0.961955
0.985891
0.537208
0.250602
0.546668
0.200074
0.022423
0.339417
0.156696
0.175241
0.861587
0.888777
0.169439
0.292710
0.613565
0.177932
0.801602
0.878920
0.604413
0.405528
0.927561
0.161287
0.715775
0.907888
0.229301
0.153019
0.550122
0.026547
0.858387
0.171005
0.613565
0.106975
0.405403
0.626585
0.433062
0.707373
0.102040
0.946850
0.527949
0.445634
0.380200
0.796351
0.718907
