0.121996
0.989463
0.554160
0.428422
0.628658
0.957900
0.904311
0.685834
0.753878
0.868185
0.878418
0.892932
0.142116
0.424258
0.034351
0.102588
0.105473
0.373656
0.480173
0.168596
0.191976
0.632659
0.225709
0.652307
0.653567
0.769940
0.300283
0.682955
0.132595
0.466363
0.221109
0.826557
0.672385
0.067258
0.046482
0.378289
0.531646
0.767211
0.175676
0.460400
0.050037
0.523766
0.731670
0.846842
0.879755
0.676380
0.110937
0.998624
0.283807
0.085577
0.076382
0.066638
0.181929
0.211392
0.476023
0.716722
0.904861
0.476498
0.979065
0.350872
0.885858
0.396380
0.745828
0.270076
0.040913
0.101767
0.350759
0.531005
0.517200
0.005495
0.034072
0.605371
0.004506
0.916639
0.011441
0.449648
0.409146
0.948140
0.663870
0.320523
0.102968
0.313637
0.126033
0.213347
0.794862
0.893512
0.025290
0.112255
0.420244
0.173344
0.200149
0.484203
0.547315
0.997141
0.920762
0.776138
0.215395
0.753594
0.656607
0.939942
