0.749753
0.225258
0.242469
0.755439
0.755580
0.058953
0.126590
0.438965
0.230384
0.228471
0.309868
0.736070
0.126539
0.538424
0.004788
0.663870
0.465624
0.072933
0.158470
0.167402
0.631548
0.189217
0.934215
0.541860
0.957965
0.534852
0.899492
0.154517
0.318924
0.583690
0.186774
0.367770
0.057770
0.806679
0.562191
0.672533
0.394664
0.284444
0.290764
0.021216
0.004000
0.161693
0.571348
0.250869
0.803344
0.649860
0.165672
0.977926
0.385306
0.556689
0.732609
0.380499
0.732320
0.344776
0.490863
0.437794
0.200373
0.465489
0.707665
0.885369
0.141194
0.099033
0.493277
0.213425
0.293261
0.979022
0.132199
0.690184
0.823337
0.665648
0.212250
0.544513
0.957965
0.587500
0.377395
0.406337
0.920670
0.782429
0.851357
0.654976
0.437404
0.452489
0.388329
0.923707
0.578132
0.640517
0.372120
0.415304
0.830711
0.676380
0.900924
0.106734
0.626733
0.458399
0.051776
0.967934
0.584789
0.083041
0.169374
0.431512
