0.175441
0.860050
0.296530
0.846167
0.593740
0.475141
0.900822
0.109766
0.193748
0.815856
0.355205
0.064615
0.259857
0.393869
0.242859
0.080606
0.019449
0.325298
0.300385
0.290018
0.399888
0.336814
0.038723
0.837159
0.650527
0.288382
0.488043
0.833314
0.130940
0.086479
0.738731
0.879867
0.781533
0.238372
0.186915
0.930930
0.477110
0.092269
0.273676
0.838913
0.339695
0.732609
0.819967
0.949160
0.738084
0.699086
0.348549
0.143015
0.646820
0.369295
0.677193
0.496111
0.536280
0.785248
0.575139
0.004978
0.285818
0.144061
0.876118
0.661425
0.669499
0.244909
0.769032
0.366366
0.250290
0.362350
0.874763
0.690331
0.903003
0.121726
0.681848
0.947737
0.447606
0.245390
0.840660
0.507447
0.887484
0.659053
0.686940
0.541716
0.901026
0.399210
0.398655
0.452886
0.892456
0.246268
0.263770
0.377395
0.909164
0.090743
0.836594
0.755580
0.688857
0.056313
0.339306
0.330503
0.868301
0.196303
0.364093
0.906703
