0.778702
0.505492
0.585741
0.915320
0.753594
0.938827
0.813427
0.695925
0.078602
0.299621
0.916122
0.064462
0.461269
0.357212
0.787030
0.785865
0.671867
0.992803
0.059793
0.928215
0.281370
0.096965
0.187091
0.336925
0.540928
0.976403
0.503819
0.601539
0.396012
0.392037
0.899492
0.220585
0.837974
0.689668
0.031888
0.830011
0.938907
0.906058
0.573388
0.564077
0.641036
0.875498
0.875498
0.684875
0.694307
0.146286
0.297946
0.733403
0.277599
0.327297
0.282636
0.329632
0.753452
0.052303
0.968350
0.819251
0.492518
0.382958
0.865165
0.248339
0.539854
0.517481
0.427331
0.971772
0.170645
0.683251
0.142959
0.150707
0.804680
0.614008
0.355950
0.949629
0.013795
0.495695
0.240306
0.945730
0.145227
0.112920
0.815725
0.784836
0.613417
0.408896
0.807410
0.480787
0.429579
0.989096
0.684875
0.330940
0.581787
0.582592
0.841220
0.869685
0.563932
0.620589
0.687604
0.024825
0.809003
0.821784
0.025584
0.465355
