0.614008
0.004848
0.327189
0.489074
0.969714
0.176481
0.352977
0.424961
0.660313
0.665648
0.284542
0.907987
0.359054
0.856059
0.196707
0.082883
0.441051
0.544513
0.102272
0.630585
0.806679
0.828223
0.877074
0.815856
0.845921
0.301252
0.733258
0.444060
0.952257
0.592785
0.066166
0.368004
0.925846
0.139338
0.166087
0.373006
0.938386
0.669499
0.239101
0.837849
0.761589
0.839725
0.068087
0.490450
0.489831
0.296833
0.591463
0.458532
0.454676
0.311016
0.789286
0.237346
0.494796
0.295319
0.794862
0.295874
0.227768
0.786002
0.134775
0.506399
0.950097
0.442620
0.063921
0.025419
0.430932
0.523766
0.597048
0.252030
0.885478
0.613713
0.066266
0.942334
0.724285
0.090535
0.880477
0.029469
0.558425
0.318552
0.608913
0.712929
0.029060
0.455207
0.390150
0.249402
0.937255
0.073073
0.786893
0.366133
0.751746
0.231093
0.395705
0.361423
0.172353
0.724285
0.004448
0.253688
0.655199
0.105084
0.484956
0.174374
