0.567419
0.483587
0.849898
0.219458
0.407834
0.795471
0.322502
0.236408
0.080232
0.065783
0.428165
0.646004
0.816968
0.849776
0.172848
0.843639
0.930374
0.830839
0.763701
0.407147
0.050270
0.769801
0.038889
0.077724
0.721308
0.513542
0.065655
0.197590
0.967627
0.145427
0.341476
0.433062
0.627844
0.030145
0.284003
0.238458
0.478538
0.216862
0.921355
0.970010
0.146114
0.040384
0.783186
0.760813
0.940968
0.438509
0.277792
0.277503
0.100807
0.393074
0.246355
0.854618
0.072529
0.270265
0.155180
0.510036
0.308100
0.449186
0.701142
0.798106
0.897015
0.619627
0.027192
0.936808
0.829309
0.212915
0.288085
0.081841
0.415304
0.278322
0.233107
0.130992
0.112966
0.414358
0.985483
0.995339
0.674161
0.463611
0.845244
0.674605
0.719708
0.625770
0.814282
0.715775
0.717378
0.120554
0.858268
0.902245
0.192120
0.257122
0.764615
0.973421
0.476634
0.899030
0.732609
0.589554
0.347702
0.784080
0.251270
0.309660
