0.141808
0.615634
0.771476
0.407959
0.088422
0.794591
0.584642
0.235304
0.549330
0.079321
0.378289
0.467977
0.810856
0.059962
0.393319
0.314215
0.660980
0.526388
0.197590
0.154788
0.885586
0.106124
0.909262
0.111526
0.925359
0.002532
0.857732
0.252030
0.775999
0.585595
0.912940
0.569455
0.439812
0.605519
0.679262
0.330340
0.236323
0.757422
0.506260
0.978214
0.115518
0.511227
0.625918
0.511227
0.265394
0.451761
0.478878
0.684210
0.196046
0.150442
0.575941
0.416252
0.296530
0.544657
0.053948
0.778979
0.810856
0.511858
0.149738
0.221190
0.564586
0.578936
0.524829
0.866795
0.737149
0.626881
0.793574
0.872662
0.881916
0.721598
0.782429
0.510946
0.356351
0.397363
0.971772
0.669499
0.120384
0.956618
0.618518
0.310442
0.222080
0.311016
0.258395
0.905610
0.073715
0.312010
0.039328
0.310338
0.672385
0.874763
0.995548
0.260774
0.291960
0.701949
0.278514
0.071989
0.749895
0.215553
0.227231
0.668684
