0.621255
0.921947
0.582885
0.291861
0.527594
0.802340
0.539998
0.688710
0.664833
0.161912
0.698792
0.341253
0.969363
0.478878
0.465221
0.899030
0.695263
0.250201
0.594695
0.629621
0.058340
0.382837
0.071927
0.691583
0.832617
0.335490
0.434873
0.224276
0.191041
0.814872
0.742750
0.969064
0.225709
0.210032
0.979579
0.375849
0.579082
0.458799
0.253688
0.857076
0.549330
0.161038
0.729936
0.440660
0.008710
0.503192
0.317067
0.400815
0.905510
0.173079
0.427459
0.467977
0.339195
0.087501
0.092192
0.609725
0.412973
0.947663
0.437794
0.111231
0.691289
0.987776
0.085810
0.888185
0.274390
0.757563
0.113818
0.445634
0.204473
0.517622
0.142706
0.819251
0.127531
0.204814
0.450902
0.465355
0.782292
0.200970
0.857732
0.072839
0.802206
0.988909
0.492380
0.090705
0.554521
0.911062
0.019499
0.444912
0.032959
0.536923
0.338474
0.994919
0.543437
0.772383
0.283368
0.287739
0.209103
0.801200
0.522988
0.074839
