0.335105
0.859931
0.136606
0.221392
0.667055
0.767982
0.025430
0.534282
0.287098
0.970463
0.229925
0.865282
0.522069
0.793845
0.369941
0.969714
0.179052
0.448330
0.565312
0.588307
0.316961
0.651343
0.962293
0.785728
0.703416
0.093021
0.659053
0.487151
0.695778
0.468449
0.496872
0.342201
0.767982
0.501869
0.465355
0.526388
0.838225
0.361597
0.026116
0.754659
0.022845
0.460267
0.664833
0.239574
0.934299
0.353605
0.394664
0.033702
0.465959
0.353605
0.672681
0.015560
0.190181
0.860050
0.148105
0.460267
0.474869
0.559511
0.323199
0.010721
0.331322
0.133176
0.171071
0.367887
0.066266
0.819967
0.562481
0.345506
0.292360
0.671571
0.797229
0.291312
0.895087
0.943415
0.642296
0.552140
0.441378
0.297186
0.318340
0.497773
0.621107
0.163546
0.070707
0.817687
0.513823
0.552933
0.111231
0.738084
0.660165
0.374426
0.205804
0.293912
0.132542
0.041097
0.042159
0.653271
0.626363
0.200000
0.448725
0.735421
