0.714170
0.905411
0.486396
0.617039
0.383499
0.685539
0.242165
0.029748
0.528375
0.948213
0.236579
0.062445
0.268430
0.282977
0.690478
0.846965
0.792555
0.206950
0.226531
0.868070
0.183833
0.824176
0.681183
0.198440
0.503958
0.675566
0.278032
0.873913
0.965398
0.303814
0.128069
0.183208
0.298402
0.525325
0.628510
0.948140
0.441508
0.249890
0.840536
0.440790
0.872662
0.649860
0.928780
0.523483
0.424130
0.997940
0.819251
0.565021
0.445634
0.208949
0.908527
0.461870
0.857732
0.986109
0.500340
0.771616
0.711834
0.391915
0.613713
0.431641
0.824176
0.147468
0.789423
0.863644
0.141361
0.383078
0.134320
0.186703
0.170515
0.502913
0.112713
0.559076
0.008738
0.348776
0.132832
0.973046
0.229468
0.561249
0.948615
0.707665
0.005113
0.424961
0.903457
0.056387
0.319244
0.007994
0.527168
0.591830
0.782292
0.722107
0.524545
0.894773
0.667722
0.638144
0.923213
0.283807
0.926023
0.828351
0.297946
0.742607
