0.174873
0.757422
0.668684
0.539854
0.468853
0.804213
0.191868
0.846290
0.859813
0.580836
0.833314
0.392037
0.803076
0.322716
0.941399
0.262568
0.603455
0.284787
0.366133
0.182101
0.372356
0.728995
0.349285
0.527310
0.647784
0.870432
0.130445
0.343431
0.063124
0.824047
0.523483
0.833883
0.385306
0.783324
0.679410
0.803344
0.344888
0.591463
0.428872
0.609872
0.792215
0.178814
0.442489
0.471079
0.221715
0.972055
0.900260
0.370470
0.221918
0.023123
0.970463
0.271777
0.375552
0.531361
0.183521
0.519949
0.984377
0.915415
0.108607
0.520867
0.395338
0.479015
0.412973
0.263677
0.404160
0.043324
0.238544
0.092404
0.744755
0.091198
0.865398
0.692541
0.819967
0.247015
0.573899
0.598962
0.402547
0.553583
0.750679
0.247500
0.307737
0.127813
0.667055
0.296631
0.246268
0.959988
0.331540
0.947109
0.160696
0.226407
0.488662
0.642296
0.236792
0.342089
0.203829
0.523625
0.386755
0.617409
0.837974
0.003184
