0.124250
0.758200
0.958322
0.647635
0.405279
0.293812
0.314426
0.992094
0.803477
0.298605
0.089969
0.966580
0.681035
0.275728
0.899697
0.026830
0.464617
0.595798
0.106276
0.332853
0.399210
0.949087
0.168046
0.150560
0.592271
0.812571
0.310651
0.596460
0.654383
0.982185
0.375196
0.465624
0.438509
0.904761
0.404719
0.712929
0.322502
0.122636
0.037860
0.154969
0.542146
0.097348
0.751746
0.472093
0.308204
0.463879
0.317067
0.465086
0.782154
0.497773
0.746185
0.645040
0.939942
0.013125
0.638589
0.112415
0.532571
0.636217
0.264558
0.587647
0.092616
0.388329
0.079288
0.144856
0.714024
0.120190
0.693645
0.521009
0.713878
0.879143
0.869685
0.184879
0.921765
0.682143
0.623475
0.355606
0.592932
0.435003
0.270784
0.750038
0.627844
0.955381
0.852931
0.342816
0.506539
0.955314
0.866562
0.418720
0.100870
0.578132
0.068955
0.432222
0.236877
0.522564
0.442489
0.624289
0.382597
0.305049
0.156422
0.208371
