0.539067
0.658535
0.038306
0.999512
0.008278
0.762927
0.240220
0.419418
0.225012
0.627696
0.409459
0.092596
0.902902
0.876118
0.829054
0.535637
0.199888
0.390819
0.199107
0.966950
0.628288
0.774332
0.539353
0.881916
0.584642
0.560162
0.345000
0.405777
0.367887
0.797229
0.158347
0.086788
0.618370
0.658090
0.780637
0.016344
0.508496
0.855939
0.151711
0.551203
0.920853
0.587500
0.331649
0.183590
0.969768
0.887592
0.060301
0.166567
0.490863
0.697175
0.457533
0.803076
0.172419
0.523908
0.606183
0.475480
0.128069
0.998914
0.285375
0.092231
0.993966
0.017459
0.502913
0.280012
0.495073
0.229384
0.588307
0.106931
0.346462
0.179563
0.678154
0.000001
0.774193
0.434744
0.252611
0.574482
0.577474
0.047419
0.941829
0.826813
0.500479
0.483587
0.642148
0.382958
0.774193
0.383499
0.024912
0.021748
0.406337
0.384522
0.390575
0.178305
0.043810
0.622217
0.462606
0.985891
0.964695
0.426625
0.810724
0.137366
