0.867317
0.071804
0.682955
0.194002
0.663055
0.157734
0.839725
0.650824
0.043683
0.831538
0.804813
0.207794
0.154578
0.319137
0.848190
0.673643
0.590728
0.126971
0.250646
0.052430
0.679115
0.974698
0.597563
0.424386
0.348776
0.460868
0.079978
0.772522
0.623327
0.614969
0.434161
0.207027
0.614673
0.504097
0.377633
0.894773
0.936278
0.492380
0.092731
0.175441
0.695263
0.263585
0.370294
0.376087
0.462272
0.344047
0.192192
0.977926
0.680888
0.172353
0.662240
0.184879
0.062526
0.458866
0.825721
0.929256
0.006830
0.180760
0.232560
0.640517
0.433191
0.886889
0.385064
0.724431
0.962078
0.673347
0.880366
0.083391
0.107656
0.416125
0.162319
0.272725
0.321431
0.927079
0.003113
0.457666
0.516144
0.693350
0.595136
0.357442
0.998117
0.574190
0.724140
0.890170
0.654531
0.531788
0.108540
0.013028
0.727620
0.337643
0.188010
0.749895
0.695925
0.544801
0.240608
0.489556
0.090252
0.738228
0.366892
0.998481
