0.632807
0.882522
0.799722
0.913036
0.183312
0.768752
0.478130
0.807410
0.645040
0.898824
0.201045
0.642296
0.173808
0.078635
0.863762
0.634883
0.914705
0.841469
0.001943
0.506539
0.912413
0.618666
0.451761
0.852145
0.063866
0.076172
0.373893
0.205042
0.793981
0.731670
0.322502
0.402981
0.751746
0.251940
0.353377
0.539998
0.477994
0.955314
0.765528
0.018464
0.478878
0.444191
0.686498
0.001848
0.314110
0.766300
0.934049
0.002372
0.202170
0.031512
0.736070
0.701142
0.425537
0.911594
0.218657
0.457533
0.336317
0.482425
0.790446
0.011948
0.970410
0.029686
0.299723
0.268524
0.531147
0.876231
0.582739
0.679115
0.167402
0.474598
0.115167
0.900362
0.589261
0.143976
0.547603
0.033664
0.562336
0.832490
0.235771
0.500479
0.954125
0.150648
0.744755
0.203829
0.450044
0.629770
0.888077
0.438965
0.142649
0.022376
0.790446
0.966523
0.465825
0.616595
0.073104
0.823337
0.041235
0.872548
0.613048
0.528091
