0.000540
0.313059
0.955381
0.887484
0.243686
0.645707
0.315903
0.270878
0.843082
0.027029
0.205118
0.212485
0.437664
0.304276
0.442358
0.283807
0.817556
0.397855
0.229301
0.857613
0.906157
0.020024
0.168952
0.559366
0.910529
0.364733
0.831665
0.741675
0.386211
0.476770
0.450044
0.866679
0.467371
0.608913
0.997494
0.234669
0.772801
0.937862
0.362466
0.240694
0.282197
0.749254
0.697175
0.387905
0.442358
0.820941
0.247588
0.036650
0.265487
0.991317
0.093526
0.589114
0.354119
0.325082
0.876961
0.204473
0.574190
0.414358
0.665944
0.765528
0.116081
0.427716
0.644372
0.050414
0.195424
0.234288
0.800596
0.568800
0.247809
0.478878
0.267915
0.205613
0.913467
0.115330
0.010414
0.191652
0.135849
0.082848
0.402175
0.028407
0.748184
0.140111
0.679780
0.222444
0.891661
0.797971
0.646152
0.015118
0.142846
0.870317
0.588747
0.883127
0.167080
0.571639
0.823078
0.343431
0.249402
0.452026
0.241905
0.564731
