0.317650
0.739953
0.555749
0.703709
0.165544
0.183660
0.695411
0.848984
0.665796
0.709129
0.359343
0.517200
0.569455
0.222688
0.445043
0.934589
0.823337
0.105516
0.009580
0.311016
0.664981
0.869051
0.404160
0.361481
0.375968
0.183903
0.337256
0.003987
0.986992
0.049368
0.444191
0.125604
0.748042
0.300691
0.138021
0.400135
0.263585
0.826685
0.066768
0.562046
0.005812
0.634067
0.438119
0.264002
0.207142
0.062648
0.805080
0.293160
0.375434
0.288184
0.907987
0.459532
0.214133
0.324489
0.168726
0.153079
0.087317
0.617409
0.542290
0.004853
0.461001
0.437534
0.056523
0.685834
0.429258
0.353091
0.993334
0.237047
0.334885
0.421643
0.458532
0.525608
0.699894
0.248914
0.231721
0.600876
0.295118
0.787646
0.376860
0.896444
0.441508
0.873175
0.375671
0.384281
0.587647
0.734340
0.555605
0.683251
0.927561
0.938907
0.170221
0.581641
0.322287
0.469729
0.240953
0.681848
0.880477
0.782292
0.467977
0.846719
