0.782154
0.880477
0.697690
0.280836
0.874876
0.353947
0.754659
0.605077
0.195168
0.091484
0.303917
0.087519
0.400259
0.538924
0.108363
0.986571
0.278756
0.742464
0.993839
0.736070
0.634734
0.449055
0.795607
0.954637
0.445043
0.490726
0.569601
0.455804
0.044085
0.317544
0.432480
0.488937
0.681700
0.558569
0.176045
0.792079
0.862352
0.495073
0.129640
0.383739
0.392952
0.255265
0.759754
0.432480
0.257122
0.679115
0.730080
0.115120
0.090705
0.756218
0.641184
0.361944
0.792079
0.839725
0.709568
0.160603
0.210032
0.328327
0.297186
0.931568
0.590215
0.317756
0.886672
0.961616
0.610980
0.495972
0.190396
0.476770
0.166087
0.842834
0.428872
0.463611
0.355205
0.528375
0.803076
0.279383
0.432028
0.456934
0.717524
0.061571
0.163546
0.128145
0.432868
0.693645
0.700334
0.832490
0.587060
0.243512
0.929256
0.468718
0.458999
0.068985
0.459532
0.813559
0.488799
0.320629
0.286162
0.863762
0.241905
0.818274
