0.585741
0.109475
0.940377
0.809401
0.893828
0.023225
0.659498
0.544657
0.178746
0.954569
0.154367
0.205537
0.306391
0.076805
0.219981
0.330231
0.834136
0.990517
0.478402
0.267727
0.833187
0.718616
0.412156
0.833314
0.610168
0.948761
0.921355
0.758200
0.698131
0.770569
0.646152
0.289571
0.671423
0.020571
0.208872
0.082361
0.907987
0.930930
0.132252
0.111685
0.450638
0.864523
0.446488
0.529299
0.694454
0.686940
0.413917
0.061705
0.153557
0.419291
0.363221
0.721453
0.014179
0.475141
0.244646
0.110982
0.039161
0.982936
0.089913
0.355950
0.541716
0.886889
0.142903
0.446619
0.773567
0.064825
0.244909
0.390697
0.917247
0.050950
0.715921
0.153917
0.074632
0.142903
0.049751
0.260590
0.804079
0.781533
0.167048
0.565965
0.557918
0.319031
0.724431
0.937336
0.245040
0.995356
0.305926
0.853051
0.678006
0.165321
0.874027
0.280836
0.014291
0.389360
0.016554
0.840411
0.715629
0.571494
0.091122
0.665796
