0.179120
0.153079
0.269935
0.790446
0.849228
0.793710
0.468853
0.855399
0.586401
0.363337
0.534567
0.885369
0.408771
0.925447
0.810856
0.671867
0.576233
0.205956
0.479151
0.478402
0.500062
0.741818
0.956684
0.854739
0.350418
0.372356
0.768612
0.638589
0.919476
0.746328
0.655347
0.454344
0.650676
0.472228
0.662240
0.655347
0.729140
0.275106
0.426754
0.574993
0.859160
0.714024
0.752670
0.383739
0.732753
0.492104
0.947663
0.459399
0.809996
0.524404
0.568800
0.359573
0.036749
0.429708
0.097489
0.964311
0.957113
0.647116
0.105473
0.649712
0.079288
0.938466
0.321698
0.886889
0.135661
0.067708
0.919060
0.664981
0.819121
0.559366
0.476634
0.352977
0.711030
0.174740
0.933674
0.648896
0.985068
0.871062
0.671275
0.129536
0.484477
0.444650
0.841096
0.185859
0.599624
0.926508
0.770988
0.259491
0.066984
0.471349
0.398963
0.943989
0.470472
0.996058
0.049085
0.575795
0.144174
0.059741
0.753594
0.441378
