0.606035
0.119464
0.187161
0.583397
0.170515
0.164368
0.097630
0.923123
0.957409
0.110643
0.117953
0.792963
0.391367
0.173875
0.022163
0.564077
0.265580
0.697322
0.740886
0.382057
0.347815
0.324920
0.312063
0.346237
0.897482
0.844319
0.058010
0.534567
0.698939
0.904311
0.486121
0.262799
0.105516
0.371471
0.657423
0.481537
0.041272
0.606035
0.631548
0.752812
0.595504
0.470202
0.229925
0.924780
0.871292
0.461870
0.987776
0.487631
0.681183
0.181791
0.005352
0.961554
0.647784
0.991018
0.990347
0.584496
0.430932
0.517200
0.687456
0.804079
0.633771
0.142088
0.768752
0.341141
0.656311
0.122562
0.935745
0.685834
0.610020
0.312954
0.651640
0.451034
0.618666
0.155180
0.666907
0.783324
0.188152
0.749254
0.356925
0.512770
0.304585
0.030604
0.911787
0.048171
0.260774
0.842834
0.631696
0.908625
0.170025
0.007399
0.593372
0.111095
0.123702
0.871806
0.357960
0.502913
0.204056
0.778840
0.098198
0.645856
