0.145856
0.556833
0.946366
0.605224
0.330940
0.035091
0.917854
0.515792
0.390819
0.690184
0.466228
0.264883
0.826813
0.631696
0.395705
0.194803
0.753878
0.265301
0.769940
0.434614
0.437989
0.341978
0.853172
0.934215
0.474259
0.646300
0.986142
0.929342
0.279819
0.888185
0.309348
0.729791
0.515370
0.953300
0.823466
0.476906
0.240694
0.022220
0.503819
0.779739
0.812571
0.952327
0.055933
0.807543
0.221553
0.496734
0.453482
0.210109
0.916028
0.000012
0.045643
0.295219
0.880477
0.589554
0.263677
0.587500
0.983181
0.966637
0.539998
0.834957
0.462138
0.462138
0.945392
0.916028
0.899030
0.898360
0.810724
0.950490
0.556544
0.592932
0.084771
0.682955
0.430674
0.800596
0.545878
0.803945
0.004378
0.245785
0.861233
0.870948
0.230926
0.185719
0.241515
0.402175
0.752955
0.714024
0.643112
0.447474
0.950561
0.402547
0.365083
0.470472
0.361944
0.477246
0.316855
0.275011
0.668018
0.224480
0.970807
0.431383
