0.172782
0.804213
0.274486
0.530863
0.260590
0.376978
0.451166
0.809003
0.493415
0.299927
0.384522
0.079573
0.689815
0.398532
0.253374
0.214448
0.546237
0.539210
0.265394
0.859931
0.861587
0.873061
0.662907
0.771476
0.852387
0.770220
0.693350
0.917154
0.408334
0.268102
0.975179
0.452489
0.122686
0.831665
0.974601
0.079978
0.183903
0.527168
0.448066
0.842834
0.853051
0.309868
0.264280
0.331540
0.538424
0.551059
0.201270
0.590875
0.288629
0.686350
0.305822
0.228016
0.100911
0.124524
0.441508
0.467708
0.748327
0.072328
0.657571
0.764755
0.099793
0.004235
0.198292
0.047661
0.452489
0.207871
0.316590
0.293712
0.963984
0.353605
0.201270
0.511718
0.297743
0.792827
0.177627
0.214015
0.910529
0.982438
0.962293
0.489968
0.482835
0.355950
0.356581
0.074219
0.546525
0.181275
0.708471
0.925447
0.551852
0.165672
0.679262
0.778702
0.879644
0.721598
0.094719
0.388571
0.672237
0.598520
0.341978
0.884769
