0.947331
0.301814
0.077559
0.045430
0.201457
0.045999
0.170286
0.043093
0.683768
0.129304
0.000328
0.783186
0.164781
0.561539
0.061478
0.203338
0.714170
0.083076
0.132647
0.829756
0.779877
0.271067
0.345731
0.610168
0.125780
0.998229
0.234203
0.888185
0.175107
0.382837
0.943912
0.255130
0.935374
0.151800
0.300589
0.500479
0.110058
0.530863
0.529299
0.527310
0.430674
0.387420
0.618666
0.283612
0.729936
0.192914
0.026037
0.473717
0.087189
0.455804
0.836342
0.493415
0.700995
0.528375
0.413539
0.506818
0.394541
0.801334
0.104161
0.122464
0.745399
0.394786
0.933674
0.874253
0.823337
0.332853
0.989644
0.460267
0.500201
0.154127
0.388086
0.098931
0.364500
0.559511
0.525750
0.797229
0.387299
0.825721
0.906802
0.646820
0.218777
0.363977
0.990802
0.765528
0.873175
0.970807
0.982726
0.704809
0.533355
0.993334
0.150825
0.900924
0.649712
0.011726
0.005954
0.495695
0.411339
0.188400
0.998713
0.598667
