0.221028
0.062000
0.100724
0.415557
0.236408
0.188081
0.947663
0.853836
0.473379
0.336759
0.474869
0.625918
0.519032
0.613196
0.203716
0.788671
0.036550
0.975583
0.813559
0.464751
0.697322
0.398779
0.475480
0.866039
0.794591
0.284885
0.233655
0.281905
0.461135
0.249136
0.543724
0.288530
0.110643
0.816837
0.956319
0.691583
0.770848
0.914894
0.489418
0.087025
0.354976
0.438705
0.153228
0.113403
0.811714
0.401618
0.428294
0.595504
0.204890
0.688562
0.720653
0.285523
0.277599
0.720362
0.470472
0.341978
0.852931
0.048966
0.111776
0.623031
0.678449
0.322020
0.852387
0.197111
0.655495
0.553727
0.899595
0.809996
0.145799
0.501104
0.801736
0.477246
0.829054
0.273866
0.399765
0.275011
0.123329
0.516284
0.418720
0.903457
0.208795
0.871920
0.220585
0.117476
0.505352
0.162853
0.672385
0.650008
0.207372
0.196854
0.890863
0.804079
0.918458
0.295773
0.931398
0.556544
0.667426
0.686940
0.006753
0.245215
