0.596460
0.152127
0.763419
0.482562
0.839476
0.320736
0.830711
0.841220
0.852145
0.957047
0.404719
0.498535
0.460133
0.093196
0.855399
0.734340
0.860583
0.085541
0.250646
0.495972
0.798982
0.798106
0.731381
0.177425
0.699747
0.683620
0.682955
0.635550
0.715264
0.180657
0.665278
0.214015
0.474869
0.162382
0.053747
0.638960
0.970410
0.312954
0.328707
0.962476
0.901585
0.036509
0.076561
0.803344
0.252880
0.943836
0.328707
0.616595
0.356581
0.235771
0.976194
0.461001
0.097752
0.852931
0.323790
0.344159
0.290764
0.806546
0.446619
0.998380
0.241256
0.265999
0.645856
0.388450
0.831665
0.726678
0.168823
0.538138
0.384401
0.741818
0.776138
0.145971
0.762927
0.328002
0.106647
0.095232
0.610832
0.130888
0.131228
0.197886
0.922536
0.340028
0.491483
0.712272
0.186844
0.969064
0.267493
0.588454
0.968045
0.982185
0.591463
0.307530
0.075334
0.673643
0.332032
0.214211
0.104675
0.977926
0.430803
0.360208
