0.512910
0.756218
0.306649
0.213425
0.883236
0.197185
0.485230
0.617556
0.917154
0.112324
0.135607
0.846842
0.066926
0.333073
0.780775
0.736358
0.144657
0.975937
0.316484
0.916028
0.779877
0.079254
0.390575
0.121677
0.404595
0.080419
0.861587
0.635698
0.031276
0.656459
0.923617
0.791331
0.548251
0.127302
0.027551
0.700555
0.594842
0.967934
0.399333
0.436559
0.506539
0.714024
0.628807
0.376860
0.878194
0.337754
0.360960
0.763419
0.434032
0.787509
0.646968
0.223583
0.049861
0.096265
0.472972
0.664018
0.698939
0.286556
0.889581
0.026104
0.904311
0.474734
0.000835
0.536423
0.379184
0.739809
0.500618
0.435846
0.479015
0.433191
0.220504
0.863117
0.923617
0.043131
0.369177
0.662092
0.397609
0.255943
0.858149
0.486876
0.065471
0.235007
0.253688
0.786482
0.272820
0.615634
0.707226
0.705615
0.628807
0.168888
0.499576
0.299062
0.802340
0.562191
0.820941
0.334885
0.835650
0.203149
0.049960
0.413791
