0.301508
0.326107
0.460868
0.241992
0.270878
0.834010
0.879032
0.068219
0.607437
0.393869
0.862882
0.221190
0.859813
0.318074
0.485642
0.045269
0.382837
0.332744
0.245960
0.771895
0.784080
0.371707
0.499576
0.797364
0.953162
0.923123
0.915415
0.956684
0.166503
0.663055
0.693498
0.509896
0.192661
0.515370
0.293261
0.764474
0.718762
0.478538
0.044907
0.778563
0.733403
0.231554
0.967627
0.851357
0.460133
0.092404
0.793574
0.233444
0.337865
0.114980
0.966208
0.610168
0.158809
0.218217
0.394786
0.360208
0.535495
0.437274
0.926508
0.786756
0.081153
0.861233
0.760954
0.059767
0.300589
0.231637
0.996397
0.304071
0.796215
0.827518
0.266699
0.463477
0.191868
0.282343
0.945392
0.881805
0.168888
0.550266
0.156544
0.617261
0.932499
0.726678
0.593887
0.185159
0.794862
0.017542
0.542792
0.270689
0.607289
0.356696
0.696220
0.433320
0.626733
0.707519
0.311121
0.917854
0.975536
0.020208
0.689520
0.594989
