0.206606
0.872548
0.766300
0.754375
0.027646
0.388450
0.539854
0.449912
0.176683
0.726823
0.192120
0.168046
0.842834
0.404843
0.537208
0.726316
0.188223
0.573899
0.874140
0.759896
0.340640
0.453747
0.236962
0.340640
0.472364
0.521786
0.432351
0.800596
0.071681
0.228306
0.532286
0.162728
0.424002
0.353605
0.637773
0.889474
0.889581
0.075962
0.107304
0.701802
0.322395
0.189396
0.639701
0.482562
0.396810
0.562191
0.018273
0.566619
0.579740
0.058979
0.234035
0.341587
0.532073
0.714024
0.337256
0.192048
0.345506
0.497011
0.824047
0.000177
0.075511
0.996321
0.875611
0.785111
0.253194
0.678006
0.713075
0.235601
0.050637
0.616595
0.378050
0.388329
0.215830
0.478402
0.254949
0.979811
0.012405
0.429129
0.569455
0.759119
0.399457
0.139090
0.678154
0.882632
0.620441
0.672681
0.440921
0.346237
0.494313
0.230634
0.537208
0.142537
0.655495
0.340640
0.207295
0.749753
0.980396
0.317438
0.460400
0.157948
