0.131962
0.750038
0.355721
0.071223
0.897119
0.365841
0.685686
0.158593
0.911159
0.530578
0.583983
0.355721
0.647635
0.884769
0.415304
0.360208
0.719417
0.515370
0.080726
0.886781
0.047052
0.712272
0.011942
0.953542
0.442227
0.577182
0.384642
0.053441
0.760037
0.018538
0.380499
0.314426
0.476362
0.730876
0.510946
0.021993
0.198774
0.420117
0.333073
0.494935
0.781533
0.067243
0.470337
0.680075
0.679115
0.786482
0.845921
0.355205
0.596901
0.347702
0.704369
0.682955
0.116152
0.777317
0.777802
0.097227
0.092442
0.447737
0.827390
0.450770
0.029823
0.601834
0.766300
0.334280
0.518891
0.309660
0.629918
0.345000
0.449780
0.232476
0.126920
0.361597
0.961955
0.982224
0.192264
0.753736
0.570693
0.425921
0.872434
0.261187
0.088997
0.969768
0.651936
0.632659
0.437989
0.089239
0.364209
0.902801
0.570838
0.481060
0.293812
0.581129
0.775097
0.299825
0.754800
0.503819
0.983388
0.848556
0.274676
0.712929
