0.296530
0.525325
0.728055
0.196376
0.123528
0.923707
0.651936
0.054007
0.777040
0.526246
0.856059
0.121506
0.324705
0.024785
0.679780
0.301712
0.241992
0.449912
0.239187
0.702096
0.372120
0.261371
0.068248
0.466968
0.413539
0.746042
0.824047
0.424961
0.708471
0.806546
0.351497
0.396933
0.612752
0.951871
0.473988
0.685981
0.657423
0.616743
0.321913
0.287443
0.983592
0.920853
0.878306
0.812571
0.588160
0.862882
0.935292
0.095966
0.154457
0.663203
0.204890
0.461001
0.778840
0.344047
0.791943
0.730876
0.368532
0.171629
0.017064
0.020643
0.766019
0.396135
0.123478
0.301917
0.749895
0.337035
0.320203
0.054233
0.903658
0.490450
0.834578
0.386755
0.191112
0.634883
0.022014
0.163199
0.247324
0.113564
0.849655
0.789286
0.692541
0.309868
0.976403
0.090289
0.503819
0.785111
0.924289
0.240867
0.754659
0.809268
0.077922
0.015369
0.649193
0.844997
0.950953
0.763560
0.404843
0.642964
0.351270
0.516284
