0.929816
0.759119
0.276351
0.715775
0.593887
0.597563
0.330340
0.316379
0.565820
0.139145
0.037217
0.497773
0.497773
0.219539
0.145056
0.995014
0.875498
0.652604
0.600287
0.537494
0.718470
0.975274
0.326972
0.545447
0.747399
0.285719
0.407147
0.813295
0.764193
0.696220
0.123926
0.739163
0.148599
0.661425
0.918273
0.713075
0.786756
0.299062
0.247015
0.958742
0.020527
0.714170
0.876231
0.646152
0.624141
0.150119
0.172914
0.383619
0.127864
0.920166
0.717815
0.190324
0.481537
0.385547
0.936359
0.021642
0.230801
0.421770
0.911690
0.812703
0.706567
0.461135
0.182931
0.290665
0.295118
0.785111
0.241732
0.287641
0.903003
0.745685
0.033185
0.316273
0.536566
0.316961
0.239273
0.315006
0.842834
0.970807
0.216425
0.272203
0.283172
0.434744
0.700701
0.795742
0.466833
0.955381
0.797229
0.269840
0.056870
0.223338
0.068881
0.306753
0.047408
0.100807
0.576087
0.359054
0.094170
0.530081
0.004291
0.074362
