0.316379
0.243207
0.668684
0.753594
0.090913
0.611940
0.127966
0.746471
0.332032
0.723487
0.543868
0.906802
0.629770
0.808539
0.399703
0.221109
0.791195
0.794727
0.651640
0.965457
0.262845
0.711322
0.509126
0.838788
0.951801
0.427587
0.569455
0.289919
0.959096
0.100517
0.121139
0.925270
0.103606
0.338585
0.029382
0.834262
0.473514
0.581787
0.998220
0.415304
0.885478
0.923032
0.831792
0.135257
0.286900
0.477858
0.965776
0.284885
0.495073
0.007910
0.233023
0.250112
0.554521
0.317279
0.693203
0.010833
0.923032
0.645040
0.115987
0.247500
0.092442
0.195973
0.276159
0.399210
0.553583
0.270359
0.218417
0.062054
0.912317
0.563279
0.317173
0.109096
0.905610
0.786002
0.842958
0.303711
0.995766
0.971096
0.089202
0.777802
0.749895
0.020725
0.678449
0.890970
0.910529
0.021784
0.999902
0.278852
0.751106
0.656311
0.996918
0.384883
0.293712
0.103329
0.162790
0.281467
0.958322
0.399457
0.994336
0.653567
