0.947810
0.486396
0.838663
0.213425
0.612235
0.478266
0.128428
0.035798
0.457067
0.679262
0.412030
0.489556
0.040086
0.907445
0.597048
0.306753
0.412281
0.742464
0.783186
0.629918
0.034118
0.624956
0.501383
0.496111
0.780637
0.773567
0.519314
0.799722
0.111435
0.397732
0.117073
0.892456
0.821071
0.653567
0.482835
0.575941
0.160820
0.396810
0.005850
0.958807
0.336317
0.999872
0.338973
0.359573
0.267306
0.554521
0.126590
0.031852
0.991765
0.477110
0.513191
0.704516
0.470337
0.625252
0.791943
0.962354
0.762645
0.395460
0.173444
0.646004
0.055276
0.233191
0.765387
0.443339
0.130836
0.030063
0.988141
0.227851
0.290117
0.693498
0.802206
0.554016
0.696073
0.450044
0.820227
0.991018
0.030423
0.441508
0.611127
0.426369
0.000293
0.249624
0.219619
0.785865
0.117429
0.220585
0.782292
0.630881
0.825979
0.322716
0.142593
0.107943
0.859931
0.107656
0.172848
0.040776
0.911883
0.306184
0.770220
0.981193
