0.233570
0.574190
0.321431
0.624586
0.322609
0.651788
0.545447
0.662092
0.245697
0.699233
0.342089
0.899492
0.476634
0.811714
0.051413
0.418023
0.355721
0.946441
0.679410
0.751248
0.688046
0.992943
0.382297
0.599919
0.665130
0.885478
0.026194
0.390697
0.248074
0.098584
0.517341
0.425537
0.237218
0.083726
0.356065
0.309868
0.584496
0.463477
0.107128
0.353091
0.014291
0.046606
0.198625
0.012029
0.625918
0.200559
0.897223
0.230759
0.278129
0.407272
0.542003
0.504725
0.372769
0.542648
0.503679
0.001573
0.813427
0.141194
0.219820
0.032335
0.692688
0.527310
0.625918
0.250691
0.895662
0.168531
0.591830
0.412156
0.557340
0.791059
0.845367
0.473853
0.611940
0.987606
0.907247
0.047735
0.039808
0.689373
0.660462
0.314215
0.756218
0.958871
0.903003
0.095450
0.951413
0.423555
0.825721
0.350872
0.783943
0.809136
0.149299
0.960744
0.366483
0.754517
0.123106
0.490450
0.629621
0.331759
0.460267
0.756643
