0.561394
0.533783
0.775999
0.700041
0.431899
0.035928
0.209799
0.953610
0.463745
0.680075
0.846597
0.914799
0.103372
0.898463
0.450044
0.774332
0.278322
0.836720
0.297288
0.066710
0.512279
0.174008
0.342592
0.993730
0.320896
0.280109
0.534424
0.913658
0.353091
0.269229
0.826557
0.028433
0.846290
0.156940
0.892350
0.195753
0.578789
0.897015
0.401247
0.299519
0.957409
0.307426
0.342816
0.869570
0.015919
0.390697
0.483587
0.069267
0.283368
0.360093
0.770709
0.034406
0.463879
0.377752
0.749111
0.163862
0.389239
0.234119
0.842028
0.412596
0.338918
0.184739
0.390819
0.283368
0.518116
0.384100
0.513964
0.405652
0.419863
0.494174
0.167402
0.698131
0.466968
0.279480
0.468853
0.179938
0.548107
0.754659
0.177054
0.554955
0.984804
0.767071
0.453085
0.425089
0.494036
0.148163
0.750038
0.636810
0.321913
0.078886
0.886889
0.630733
0.753878
0.817687
0.380499
0.375552
0.200074
0.405777
0.750963
0.796351
