0.837724
0.971772
0.237346
0.061026
0.005874
0.288184
0.070995
0.453946
0.192734
0.354976
0.778840
0.561394
0.412973
0.647932
0.345000
0.312377
0.661129
0.562336
0.402671
0.020823
0.591169
0.340139
0.938386
0.306960
0.314426
0.439356
0.541573
0.864523
0.580690
0.577986
0.687751
0.908085
0.014048
0.253958
0.167692
0.858625
0.360093
0.130601
0.376443
0.726968
0.768402
0.255626
0.752670
0.177121
0.932499
0.490450
0.923213
0.789423
0.305152
0.876231
0.114027
0.697028
0.798712
0.741962
0.302582
0.628288
0.380738
0.365841
0.373006
0.917154
0.668018
0.070540
0.948140
0.770080
0.803210
0.405652
0.161693
0.810129
0.043849
0.700701
0.366016
0.347928
0.075398
0.299418
0.517481
0.433902
0.511087
0.474259
0.416947
0.760178
0.146545
0.259491
0.700041
0.902346
0.195022
0.184042
0.723487
0.705322
0.558569
0.723487
0.486876
0.670091
0.997620
0.261555
0.277167
0.099341
0.125277
0.623327
0.498535
0.079472
