0.607289
0.516284
0.881916
0.864406
0.711322
0.438835
0.548394
0.738372
0.392281
0.677341
0.731526
0.835776
0.644076
0.882742
0.569746
0.022298
0.697175
0.423300
0.354976
0.627844
0.239016
0.995249
0.390940
0.569892
0.695116
0.639553
0.884059
0.648896
0.103840
0.088829
0.047693
0.720362
0.805680
0.736502
0.795336
0.934838
0.537066
0.541860
0.719562
0.340028
0.630585
0.123428
0.516284
0.768892
0.465221
0.050827
0.050872
0.758200
0.556038
0.818404
0.879978
0.266886
0.441639
0.025959
0.782292
0.322127
0.035976
0.726316
0.169374
0.928866
0.507028
0.529156
0.577986
0.116647
0.660313
0.166984
0.967683
0.148745
0.291611
0.931398
0.003730
0.050659
0.686793
0.207602
0.873288
0.957900
0.338474
0.145913
0.550915
0.776901
0.856059
0.895662
0.577036
0.523766
0.077773
0.043179
0.959925
0.040996
0.345843
0.692246
0.270170
0.644372
0.130601
0.838913
0.761730
0.732320
0.734340
0.288184
0.938907
0.709568
