0.838100
0.828223
0.577036
0.298605
0.856956
0.286162
0.915415
0.811714
0.174374
0.356983
0.709568
0.170711
0.245609
0.753310
0.536137
0.281176
0.742750
0.349285
0.365608
0.767351
0.123552
0.304946
0.585741
0.373538
0.775236
0.583397
0.076773
0.499437
0.516425
0.740886
0.482699
0.567419
0.950561
0.900924
0.335105
0.702903
0.914182
0.903003
0.870948
0.405528
0.191796
0.389907
0.524404
0.472837
0.119609
0.873175
0.446488
0.074886
0.224358
0.843515
0.468583
0.675270
0.083462
0.521009
0.085271
0.021773
0.928693
0.151268
0.997940
0.650008
0.718907
0.315111
0.180143
0.448066
0.170156
0.636513
0.089800
0.715629
0.709275
0.325298
0.213582
0.151415
0.110937
0.784836
0.112805
0.415999
0.130107
0.629770
0.946701
0.803076
0.198292
0.280206
0.919153
0.161225
0.041458
0.186562
0.898927
0.174673
0.359573
0.312692
0.905958
0.352977
0.486876
0.192192
0.636810
0.403601
0.760037
0.376978
0.074505
0.002272
