0.490588
0.234753
0.950561
0.537637
0.462740
0.821525
0.237047
0.589554
0.064434
0.379184
0.291861
0.860701
0.850932
0.308983
0.830711
0.196449
0.397609
0.646004
0.319723
0.235771
0.881916
0.288828
0.798712
0.544513
0.806280
0.728995
0.540928
0.383739
0.331649
0.337865
0.169569
0.200485
0.788535
0.658238
0.585301
0.063384
0.521009
0.604118
0.338197
0.870432
0.461603
0.773428
0.879755
0.004678
0.761871
0.254949
0.582739
0.949557
0.805680
0.778840
0.618518
0.139090
0.990174
0.055567
0.681331
0.784973
0.034743
0.021916
0.854739
0.028413
0.427716
0.598667
0.940021
0.520726
0.518891
0.137421
0.602349
0.663055
0.458532
0.850689
0.523342
0.000824
0.186175
0.119706
0.117786
0.072902
0.254273
0.591022
0.978740
0.237431
0.252522
0.485984
0.431770
0.461402
0.836468
0.148803
0.222972
0.329904
0.977590
0.763842
0.742105
0.713878
0.491621
0.778840
0.947810
0.808406
0.336759
0.501383
0.215830
0.930759
