0.516707
0.073919
0.856179
0.330612
0.622513
0.222161
0.484066
0.283710
0.822626
0.332963
0.570401
0.067810
0.950953
0.032159
0.100454
0.539998
0.995266
0.030450
0.651640
0.467708
0.556544
0.414232
0.588307
0.896912
0.914277
0.898360
0.944901
0.375078
0.468112
0.258122
0.489968
0.620441
0.194402
0.904761
0.909799
0.661129
0.307167
0.472093
0.313532
0.553583
0.856059
0.347815
0.033140
0.266699
0.193748
0.712418
0.236111
0.162570
0.517200
0.936645
0.869570
0.095668
0.210381
0.943989
0.483587
0.661425
0.181275
0.979259
0.651788
0.375671
0.811582
0.292810
0.056412
0.695116
0.797094
0.006442
0.461269
0.333566
0.955818
0.105235
0.731959
0.616595
0.197738
0.438119
0.062391
0.079540
0.547172
0.821784
0.913753
0.468853
0.955010
0.606994
0.925934
0.098279
0.219378
0.658535
0.775375
0.887592
0.543581
0.190718
0.802340
0.385426
0.282441
0.580178
0.001340
0.243686
0.275632
0.467102
0.814019
0.560162
