0.102398
0.131962
0.451497
0.759754
0.134561
0.826813
0.436170
0.761871
0.810129
0.873288
0.521786
0.473988
0.461402
0.934755
0.206109
0.826685
0.888077
0.404843
0.516144
0.186316
0.880699
0.217300
0.006893
0.191328
0.660165
0.315480
0.484203
0.263354
0.405092
0.303711
0.436689
0.741818
0.568800
0.769032
0.131045
0.444060
0.946366
0.098993
0.989999
0.507168
0.875611
0.119416
0.086715
0.467237
0.325082
0.254543
0.821784
0.066768
0.996499
0.363105
0.732320
0.711980
0.376741
0.152632
0.757422
0.384763
0.832363
0.387118
0.419291
0.399457
0.481060
0.420943
0.348041
0.490313
0.346575
0.530578
0.656459
0.780637
0.623031
0.511087
0.864406
0.737005
0.894301
0.414484
0.194002
0.500062
0.988559
0.056820
0.786893
0.488043
0.231721
0.031276
0.225791
0.831538
0.125277
0.300946
0.321003
0.409459
0.801334
0.429129
0.196633
0.196633
0.030723
0.622365
0.193857
0.758977
0.750180
0.842958
0.299825
0.813295
