0.363977
0.392037
0.883949
0.241429
0.982146
0.440660
0.201832
0.416820
0.369060
0.729646
0.825142
0.447342
0.331540
0.004880
0.893038
0.415999
0.987914
0.337975
0.174074
0.493277
0.830138
0.082101
0.788535
0.551852
0.460734
0.315586
0.596901
0.874140
0.767211
0.849228
0.540928
0.138486
0.401062
0.443339
0.927561
0.945392
0.101036
0.306184
0.203980
0.862882
0.822496
0.927079
0.765528
0.974382
0.272535
0.816576
0.688267
0.124900
0.891661
0.450638
0.835776
0.294565
0.568655
0.308983
0.123876
0.496595
0.512630
0.814413
0.189788
0.379064
0.140222
0.532429
0.885478
0.607289
0.794591
0.928128
0.338807
0.475887
0.943261
0.269041
0.282002
0.425793
0.765387
0.000939
0.757563
0.295219
0.825850
0.342089
0.851357
0.026806
0.235686
0.078735
0.394419
0.419418
0.364733
0.786619
0.056474
0.903758
0.816837
0.003362
0.157795
0.960869
0.911159
0.349285
0.900924
0.292710
0.139586
0.209529
0.425793
0.763560
