0.116387
0.892244
0.254183
0.194876
0.576890
0.918365
0.167756
0.350986
0.345113
0.583397
0.312954
0.205956
0.943261
0.150119
0.933590
0.904961
0.461870
0.105993
0.410399
0.209877
0.202998
0.978740
0.636662
0.624141
0.220222
0.058786
0.855399
0.706274
0.774193
0.230551
0.292810
0.092481
0.339528
0.036107
0.862999
0.262061
0.800864
0.116293
0.685022
0.999252
0.863117
0.323307
0.708031
0.596754
0.844319
0.945241
0.231637
0.742750
0.251717
0.320896
0.525750
0.619479
0.060762
0.569601
0.316167
0.794456
0.214881
0.190396
0.236494
0.125604
0.040357
0.741818
0.248737
0.353091
0.069983
0.542648
0.767211
0.957179
0.693203
0.012157
0.639256
0.819251
0.760178
0.851357
0.032900
0.715629
0.017124
0.364093
0.169082
0.182758
0.455804
0.910432
0.408896
0.301610
0.656459
0.475887
0.953679
0.609208
0.766440
0.052430
0.752031
0.859279
0.382717
0.003640
0.048685
0.547315
0.470607
0.550410
0.601539
0.495695
