0.295018
0.489556
0.324597
0.063508
0.254363
0.957540
0.155241
0.028927
0.643260
0.995850
0.824176
0.455937
0.450176
0.940377
0.035798
0.005685
0.481196
0.635401
0.548394
0.234373
0.757422
0.838100
0.525608
0.938827
0.678154
0.421898
0.743538
0.846044
0.299062
0.439225
0.624808
0.764334
0.887376
0.771895
0.767982
0.744755
0.493553
0.228471
0.764615
0.980437
0.298199
0.522069
0.671571
0.362698
0.713075
0.611792
0.717961
0.166759
0.063124
0.699747
0.860701
0.177729
0.093740
0.102314
0.650527
0.911062
0.386634
0.368004
0.438119
0.165672
0.903557
0.707665
0.330231
0.023437
0.905510
0.001671
0.980930
0.302480
0.323521
0.495972
0.630436
0.696073
0.939942
0.599919
0.909360
0.557629
0.552789
0.024511
0.000132
0.056068
0.518116
0.835776
0.012728
0.726026
0.338807
0.184286
0.158286
0.397486
0.011848
0.793099
0.370588
0.598962
0.255626
0.467842
0.168176
0.636513
0.243120
0.440660
0.770988
0.831792
