0.326215
0.251627
0.648748
0.892244
0.039258
0.791943
0.330830
0.983462
0.578789
0.810856
0.993355
0.855519
0.529014
0.475141
0.719853
0.248737
0.871920
0.901026
0.669647
0.831792
0.166631
0.470472
0.866795
0.844442
0.794591
0.737005
0.541716
0.362582
0.264465
0.369706
0.634586
0.489074
0.659202
0.611940
0.863644
0.258304
0.746614
0.175609
0.284003
0.778840
0.881805
0.491483
0.830011
0.003196
0.150766
0.525183
0.718762
0.126641
0.363337
0.127761
0.045228
0.567564
0.026899
0.752031
0.681035
0.162790
0.431770
0.697984
0.031678
0.503958
0.301508
0.177864
0.817426
0.970754
0.234035
0.506539
0.967990
0.992515
0.710372
0.437274
0.899030
0.316273
0.494174
0.716722
0.791195
0.637625
0.909994
0.797229
0.479764
0.236494
0.750038
0.543581
0.804813
0.711176
0.540785
0.250780
0.134614
0.520867
0.695263
0.983905
0.890970
0.939863
0.021058
0.568655
0.182481
0.618814
0.550266
0.893038
0.658090
0.064615
