0.700995
0.957113
0.430094
0.967627
0.421770
0.502287
0.445043
0.714681
0.846842
0.917854
0.564223
0.965019
0.125277
0.435846
0.222607
0.109141
0.299164
0.060328
0.605519
0.055933
0.573534
0.171925
0.762011
0.419672
0.950882
0.866795
0.472228
0.591022
0.732465
0.598373
0.020609
0.109520
0.140056
0.452224
0.915509
0.008001
0.739163
0.068822
0.660313
0.760954
0.149562
0.098849
0.795336
0.197259
0.575576
0.894878
0.072158
0.712929
0.281079
0.369060
0.423555
0.555605
0.300844
0.005850
0.210536
0.895087
0.902143
0.142903
0.153917
0.769801
0.236877
0.942489
0.419863
0.074014
0.694454
0.876005
0.411904
0.985068
0.217101
0.866562
0.657423
0.800461
0.927736
0.842028
0.601539
0.353091
0.039443
0.463879
0.728055
0.582080
0.631029
0.968653
0.209103
0.196927
0.977047
0.358305
0.342816
0.838100
0.002312
0.314215
0.468112
0.044559
0.705469
0.079759
0.000013
0.579740
0.626214
0.316061
0.871177
0.340640
