0.717014
0.937943
0.081428
0.651491
0.808406
0.466699
0.517059
0.959096
0.883456
0.050883
0.141557
0.850020
0.286999
0.734629
0.453482
0.861233
0.804213
0.835902
0.497634
0.303608
0.122785
0.485367
0.616595
0.353091
0.620293
0.268524
0.429708
0.598667
0.522069
0.448330
0.747256
0.686940
0.859279
0.218577
0.834010
0.885369
0.602202
0.054209
0.512770
0.355091
0.936278
0.362118
0.589114
0.696881
0.008341
0.456934
0.745685
0.002210
0.957540
0.455074
0.838913
0.081721
0.936359
0.719853
0.489693
0.799116
0.036262
0.939426
0.997630
0.869454
0.826813
0.716577
0.708617
0.594989
0.537351
0.277359
0.543078
0.889367
0.443929
0.653864
0.914799
0.450176
0.275011
0.180897
0.752528
0.650676
0.278032
0.073104
0.289571
0.786002
0.444912
0.854498
0.087354
0.680888
0.908085
0.124350
0.781533
0.084256
0.269135
0.103840
0.470472
0.520232
0.784973
0.422726
0.761095
0.124175
0.404470
0.341364
0.626066
0.733547
