0.034578
0.239273
0.667722
0.172716
0.779877
0.664018
0.427459
0.934672
0.996973
0.743681
0.067548
0.022554
0.843639
0.340028
0.387299
0.433191
0.136904
0.768262
0.824047
0.587647
0.860050
0.525325
0.546237
0.997630
0.908724
0.223501
0.071025
0.908822
0.601392
0.761589
0.990992
0.115284
0.960399
0.469864
0.573388
0.680371
0.043918
0.692541
0.268243
0.350135
0.802340
0.932583
0.979895
0.822755
0.580544
0.522847
0.616743
0.357212
0.885369
0.484340
0.873175
0.671571
0.876231
0.699086
0.584642
0.147728
0.825142
0.383739
0.810129
0.586547
0.920670
0.409021
0.037470
0.188613
0.065655
0.229011
0.092442
0.907987
0.014135
0.381517
0.945392
0.740096
0.103287
0.927649
0.473243
0.921856
0.232266
0.403105
0.728055
0.265394
0.447211
0.378050
0.736070
0.481537
0.651640
0.658238
0.404968
0.434290
0.332360
0.372356
0.603602
0.672681
0.845367
0.309087
0.549186
0.585741
0.056412
0.314531
0.345843
0.876118
