0.633771
0.360093
0.522564
0.806812
0.491483
0.122908
0.407147
0.549186
0.601539
0.013511
0.246927
0.585448
0.352237
0.554955
0.075929
0.907987
0.364850
0.322716
0.250468
0.142537
0.206529
0.854498
0.159827
0.002207
0.327189
0.745399
0.556400
0.849228
0.940377
0.620441
0.597711
0.678154
0.015347
0.958807
0.890970
0.167917
0.802072
0.970807
0.940968
0.298402
0.143325
0.978214
0.547963
0.678302
0.445043
0.643112
0.614821
0.093118
0.327297
0.059313
0.697984
0.563279
0.169374
0.627992
0.788398
0.465355
0.529938
0.393746
0.600876
0.147728
0.307841
0.809864
0.830584
0.804079
0.367770
0.704516
0.721453
0.741029
0.112966
0.362466
0.482562
0.802474
0.980396
0.380858
0.437989
0.490726
0.004312
0.391915
0.406462
0.910965
0.819251
0.683103
0.218057
0.197185
0.571639
0.529156
0.811714
0.634586
0.257031
0.190575
0.395460
0.774471
0.667055
0.647264
0.487631
0.468583
0.156666
0.519314
0.769661
0.995548
