0.143891
0.130445
0.921856
0.427587
0.364966
0.217459
0.259674
0.097489
0.634883
0.192806
0.916545
0.070013
0.598814
0.674161
0.257576
0.692246
0.715921
0.043742
0.692099
0.362350
0.994110
0.665796
0.346462
0.458266
0.312954
0.131411
0.719417
0.627029
0.275011
0.675418
0.809136
0.903457
0.827775
0.565021
0.525183
0.669647
0.978979
0.861351
0.367536
0.774193
0.617852
0.680371
0.845367
0.202170
0.099958
0.288828
0.830584
0.038023
0.513051
0.893038
0.206682
0.992943
0.414232
0.802340
0.633919
0.955381
0.604266
0.233107
0.877074
0.838225
0.422471
0.046081
0.805947
0.028134
0.993966
0.904961
0.742894
0.850810
0.577986
0.631992
0.892350
0.229468
0.223664
0.169374
0.605519
0.723342
0.444912
0.207448
0.071238
0.696220
0.120141
0.066524
0.530721
0.916028
0.230009
0.304482
0.359573
0.731526
0.593079
0.639108
0.422152
0.900924
0.621107
0.288283
0.897689
0.690331
0.707812
0.082953
0.879755
0.366250
