0.317173
0.521927
0.760178
0.803076
0.338585
0.265673
0.160945
0.332853
0.582226
0.442489
0.786002
0.267400
0.319723
0.440073
0.162979
0.356696
0.327893
0.529299
0.186246
0.515510
0.669795
0.939863
0.967571
0.383980
0.393624
0.883566
0.659498
0.788671
0.855519
0.856717
0.450044
0.190718
0.658683
0.477382
0.623031
0.697175
0.446619
0.313164
0.751888
0.455937
0.304688
0.795607
0.561104
0.386876
0.441770
0.256124
0.482562
0.869685
0.890276
0.214290
0.644743
0.181344
0.720508
0.462740
0.180075
0.893038
0.422726
0.931100
0.994806
0.383198
0.650527
0.026206
0.733691
0.046782
0.952327
0.793845
0.826685
0.868185
0.988336
0.664018
0.755439
0.345843
0.017830
0.462874
0.252611
0.371589
0.432609
0.281370
0.480173
0.599624
0.473717
0.943912
0.569310
0.898257
0.145656
0.527310
0.933045
0.104675
0.674457
0.194949
0.031700
0.848556
0.701142
0.750180
0.473988
0.089482
0.354690
0.144004
0.639256
0.913658
