0.644224
0.023053
0.845921
0.113426
0.496111
0.158071
0.581641
0.767211
0.983905
0.604929
0.376503
0.629770
0.514737
0.557484
0.278949
0.438965
0.926111
0.287542
0.496872
0.325675
0.692541
0.652752
0.612752
0.069178
0.364850
0.832110
0.422025
0.168888
0.797499
0.860583
0.959575
0.124300
0.124950
0.296984
0.789286
0.059598
0.775375
0.255536
0.586401
0.733403
0.556255
0.635401
0.115635
0.777040
0.018490
0.870547
0.750038
0.028987
0.168402
0.868936
0.573243
0.652455
0.565166
0.984106
0.210614
0.793845
0.088348
0.613565
0.151978
0.351611
0.394541
0.735565
0.083497
0.745256
0.729646
0.093448
0.535923
0.360440
0.855399
0.645040
0.290117
0.306391
0.392952
0.220303
0.893512
0.539067
0.697028
0.859279
0.616743
0.966580
0.260957
0.321591
0.487013
0.853715
0.605224
0.052027
0.851357
0.574993
0.664167
0.519032
0.494313
0.730876
0.975843
0.507727
0.005068
0.661277
0.864523
0.767842
0.959575
0.382057
