0.199590
0.342089
0.398532
0.336538
0.160540
0.308204
0.343655
0.221553
0.166375
0.058582
0.887700
0.229468
0.884769
0.281273
0.570401
0.359458
0.200634
0.477246
0.486121
0.265906
0.353605
0.693350
0.055361
0.129640
0.576087
0.473243
0.778702
0.793099
0.356065
0.807543
0.972718
0.824047
0.561249
0.321431
0.704516
0.928215
0.373893
0.909896
0.268337
0.493139
0.868070
0.440529
0.760178
0.535495
0.329795
0.695925
0.281030
0.192444
0.438249
0.322716
0.421197
0.590215
0.230092
0.086407
0.079658
0.546525
0.761095
0.541716
0.357845
0.031354
0.178610
0.988720
0.252030
0.536137
0.081273
0.668832
0.565965
0.036238
0.729936
0.335215
0.655792
0.821784
0.193748
0.233191
0.703049
0.868820
0.710226
0.005735
0.749895
0.180143
0.635698
0.540785
0.154849
0.423555
0.763560
0.828926
0.827647
0.535495
0.207602
0.621551
0.917341
0.930374
0.497011
0.740742
0.629621
0.007086
0.904761
0.687088
0.244734
0.858506
