0.163646
1.000000
0.296168
0.684547
0.368338
0.245739
0.222920
0.008273
0.368338
0.086874
0.976849
0.104148
0.368338
0.222920
0.353091
0.884636
0.124046
0.051862
0.663355
0.705990
0.621784
0.953718
0.523201
0.749568
0.542259
0.092355
0.486143
0.059263
0.727669
0.542259
0.092355
0.816420
0.504492
0.486143
0.027423
1.000000
0.561658
0.222920
0.270147
0.930626
0.749568
0.793960
0.338250
0.861776
0.212097
0.002098
0.542259
0.771671
0.771671
0.621784
0.155046
0.163646
0.749568
0.104148
0.201659
0.201659
0.684547
0.793960
0.705990
0.523201
0.621784
0.353091
0.257743
0.542259
0.684547
0.884636
0.131301
0.486143
0.172601
0.749568
0.400039
0.036674
0.296168
0.201659
0.642429
0.953718
0.504492
0.433325
0.727669
0.953718
0.727669
0.036674
0.839031
0.450552
0.907592
0.416486
0.245739
0.338250
0.504492
0.523201
0.749568
0.433325
0.055460
0.383988
0.323815
0.976849
0.749568
0.039365
0.621784
0.663355
