0.583910
0.072154
0.171841
0.011307
0.161557
0.613737
0.187068
0.045908
0.172581
0.820602
0.659648
0.851114
0.652563
0.026302
0.333111
0.248484
0.536128
0.982883
0.877452
0.190470
0.845017
0.673178
0.967915
0.067119
0.929231
0.852505
0.321306
0.427321
0.098596
0.510307
0.956738
0.194104
0.757834
0.475447
0.731688
0.265293
0.690612
0.414821
0.099969
0.868743
0.315357
0.167523
0.960727
0.011906
0.741615
0.125469
0.495071
0.137943
0.752715
0.778751
0.735394
0.313063
0.486767
0.443264
0.894766
0.356330
0.984285
0.435058
0.146641
0.206840
0.557922
0.735477
0.060159
0.170196
0.781747
0.694429
0.620939
0.698035
0.749585
0.627342
0.135151
0.789985
0.375561
0.461393
0.540436
0.997230
0.896225
0.628668
0.554458
0.043634
0.032612
0.741311
0.974138
0.863418
0.595396
0.626207
0.632010
0.206071
0.167112
0.413342
0.793486
0.039643
0.282769
0.727913
0.128750
0.290285
0.659710
0.390065
0.966878
0.639024
