0.403828
0.948364
0.227010
0.339869
0.944740
0.919365
0.833724
0.145682
0.514747
0.445193
0.943774
0.647489
0.626446
0.893321
0.817373
0.768079
0.020280
0.899188
0.607598
0.311292
0.800463
0.305056
0.680036
0.496912
0.380958
0.846666
0.277797
0.463478
0.031836
0.260710
0.565302
0.858652
0.842472
0.345075
0.454908
0.425248
0.341607
0.233807
0.015423
0.875874
0.005390
0.194233
0.466983
0.670715
0.103765
0.471750
0.271759
0.992717
0.224423
0.612502
0.775126
0.873713
0.396303
0.872124
0.140806
0.747028
0.747037
0.964795
0.220132
0.587479
0.824844
0.222223
0.809817
0.587072
0.954620
0.482597
0.498701
0.143872
0.998734
0.175910
0.305543
0.553807
0.352757
0.535841
0.513063
0.667435
0.089117
0.317487
0.328231
0.718485
0.523821
0.414594
0.799065
0.582155
0.239631
0.303205
0.296699
0.896650
0.091731
0.488942
0.867279
0.748568
0.265565
0.410971
0.690914
0.934477
0.819904
0.077905
0.523441
0.324049
