0.258039
0.018526
0.337675
0.299960
0.512012
0.531660
0.999938
0.956730
0.651523
0.828802
0.728134
0.470210
0.269287
0.728134
0.531660
0.718516
0.075818
0.607817
0.064782
0.914976
0.388149
0.950389
0.973521
0.884900
0.785821
0.587746
0.197580
0.782022
0.607817
0.941945
0.440798
0.973521
0.839897
0.787966
0.308099
0.267101
0.782022
0.651523
0.707940
0.950389
0.696357
0.288731
0.579982
0.607817
0.890804
0.248087
0.687158
0.337675
0.782022
0.327854
0.948229
0.445092
0.595812
0.793223
0.429607
0.105162
0.491145
0.133816
0.369131
0.290005
0.023943
0.044713
0.021731
0.576568
0.133816
0.155087
0.026505
0.890804
0.696357
0.227388
0.890804
0.823924
0.184519
0.645643
0.785821
0.027373
0.161399
0.066692
0.665067
0.461483
0.625635
0.177302
0.199620
0.210377
0.225987
0.155087
0.898384
0.914976
0.707940
0.665067
0.128443
0.696357
0.908912
0.092532
0.440798
0.521160
0.950389
0.406165
0.227388
0.330090
