0.814708
0.057758
0.556597
0.326237
0.659041
0.855781
0.361905
0.721212
0.237986
0.443945
0.543022
0.432167
0.439208
0.034513
0.498300
0.069848
0.551145
0.277757
0.948689
0.679670
0.958243
0.653177
0.427516
0.259670
0.026568
0.174238
0.712297
0.463236
0.036023
0.195024
0.685588
0.898164
0.404781
0.777323
0.584281
0.458362
0.765607
0.436852
0.667864
0.661979
0.153163
0.002013
0.771475
0.236493
0.439208
0.682628
0.089951
0.073188
0.958243
0.237986
0.786056
0.302157
0.970524
0.564830
0.303960
0.341752
0.900481
0.226246
0.604049
0.809043
0.873868
0.245561
0.739026
0.176587
0.765607
0.861030
0.980329
0.028014
0.850473
0.886262
0.647327
0.316811
0.548430
0.828697
0.014654
0.097654
0.448716
0.939920
0.028511
0.224812
0.376520
0.891084
0.105130
0.922381
0.223384
0.021424
0.378642
0.229138
0.069848
0.013583
0.045971
0.006412
0.573125
0.741990
0.197595
0.540329
0.958243
0.521692
0.685588
0.302157
