0.715269
0.271071
0.411511
0.661979
0.909525
0.938080
0.303960
0.839687
0.079057
0.339783
0.834216
0.480563
0.682628
0.012462
0.295026
0.132336
0.493191
0.192480
0.516438
0.337823
0.747912
0.548430
0.601207
0.650250
0.035412
0.138034
0.311254
0.823133
0.138034
0.193749
0.715269
0.422900
0.161769
0.219144
0.747912
0.765607
0.178961
0.676715
0.632778
0.564830
0.264510
0.001798
0.828697
0.349712
0.771475
0.609751
0.110644
0.094791
0.709326
0.159581
0.376520
0.700415
0.626990
0.661979
0.703384
0.374407
0.922381
0.091312
0.968010
0.612611
0.774401
0.251756
0.455938
0.254899
0.828697
0.694480
0.893465
0.099113
0.429837
0.871334
0.545722
0.309419
0.598370
0.941731
0.015800
0.016557
0.834216
0.656107
0.031935
0.010884
0.855781
0.820335
0.046737
0.941731
0.220550
0.009395
0.337823
0.151070
0.047908
0.043736
0.045971
0.001202
0.783151
0.783151
0.258072
0.503442
0.918194
0.516438
0.553868
0.161769
