0.814708
0.715269
0.057758
0.271071
0.556597
0.411511
0.326237
0.661979
0.659041
0.909525
0.855781
0.938080
0.361905
0.303960
0.721212
0.839687
0.237986
0.079057
0.443945
0.339783
0.543022
0.834216
0.432167
0.480563
0.439208
0.682628
0.034513
0.012462
0.498300
0.295026
0.069848
0.132336
0.551145
0.493191
0.277757
0.192480
0.948689
0.516438
0.679670
0.337823
0.958243
0.747912
0.653177
0.548430
0.427516
0.601207
0.259670
0.650250
0.026568
0.035412
0.174238
0.138034
0.712297
0.311254
0.463236
0.823133
0.036023
0.138034
0.195024
0.193749
0.685588
0.715269
0.898164
0.422900
0.404781
0.161769
0.777323
0.219144
0.584281
0.747912
0.458362
0.765607
0.765607
0.178961
0.436852
0.676715
0.667864
0.632778
0.661979
0.564830
0.153163
0.264510
0.002013
0.001798
0.771475
0.828697
0.236493
0.349712
0.439208
0.771475
0.682628
0.609751
0.089951
0.110644
0.073188
0.094791
0.958243
0.709326
0.237986
0.159581
0.786056
0.376520
0.302157
0.700415
0.970524
0.626990
0.564830
0.661979
0.303960
0.703384
0.341752
0.374407
0.900481
0.922381
0.226246
0.091312
0.604049
0.968010
0.809043
0.612611
0.873868
0.774401
0.245561
0.251756
0.739026
0.455938
0.176587
0.254899
0.765607
0.828697
0.861030
0.694480
0.980329
0.893465
0.028014
0.099113
0.850473
0.429837
0.886262
0.871334
0.647327
0.545722
0.316811
0.309419
0.548430
0.598370
0.828697
0.941731
0.014654
0.015800
0.097654
0.016557
0.448716
0.834216
0.939920
0.656107
0.028511
0.031935
0.224812
0.010884
0.376520
0.855781
0.891084
0.820335
0.105130
0.046737
0.922381
0.941731
0.223384
0.220550
0.021424
0.009395
0.378642
0.337823
0.229138
0.151070
0.069848
0.047908
0.013583
0.043736
0.045971
0.045971
0.006412
0.001202
0.573125
0.783151
0.741990
0.783151
0.197595
0.258072
0.540329
0.503442
0.958243
0.918194
0.521692
0.516438
0.685588
0.553868
0.302157
0.161769
